1174.25
75.9246
154.115
179.966
80.1818
127.067
64.8807
41.971
52.1387
1550117128159
1182.71
74.0761
151.012
179.98
77.2325
124.82
63.2758
40.1608
52.6953
1550117128198
1018.63
81.5345
152.388
180
73.7103
122.979
62.625
39.1406
52.8694
1550117128221
1017.68
85.6345
152.208
180
72.4306
122.094
62.1713
39.4688
53.0758
1550117128255
1145.12
86.6067
150.085
179.966
71.2356
122.629
62.8128
38.8367
52.7567
1550117128356
1199.93
81.8009
149.05
179.966
71.3146
123.135
62.8275
37.7825
52.7316
1550117128435
1194.67
80.3143
146.875
180
70.6331
123.204
63.3579
36.148
52.6973
1550117128462
1174.07
80.3558
146.412
180
71.1856
123.412
63.5621
35.9145
52.7687
1550117128488
1132.08
80.0204
146.48
179.98
65.4707
123.928
63.7428
67.0368
52.6149
1550117128513
1046.16
80.3045
145.514
179.966
65.1024
124.643
64.345
67.0456
52.4361
1550117128543
1163.71
80.4722
144.178
180
64.4835
125.703
65.0579
67.0603
52.2192
1550117128577
1182.87
79.8199
143.443
180
63.8557
127.038
65.7571
67.087
52.1286
1550117128609
1190.62
78.8216
144.037
180
63.6879
128.437
66.5448
67.0786
52.1599
1550117128641
1190.44
75.9703
145.915
179.966
64.0227
129.696
67.0638
67.1057
52.4625
1550117128675
1177.94
85.7194
154.456
180
67.5153
132.113
71.2187
67.356
52.6704
1550117128781
916.057
112.15
116.922
179.96
69.2869
117.424
76.0628
68.7721
57.9237
1550117129026
775.63
122.069
120.032
179.96
75.3928
104.436
70.045
70.653
60.0553
1550117129112
1142.35
156.892
167.512
179.98
179.98
171.528
171.286
51.301
52.2321
1550117129738
1212.53
111.714
126.101
179.98
179.98
171.885
160.525
50.1537
50.7945
1550117129817
1216.53
108.114
142.635
179.98
179.98
172.733
170.15
50.0305
50.7636
1550117129926
965.736
153.072
158.628
180
180
175.865
176.808
55.5821
56.5646
1550117130028
1031.69
133.356
168.458
180
180
151.019
156.298
53.4842
55.2023
1550117130127
1125.31
96.289
135.561
180
180
161.654
165.054
49.3803
50.3419
1550117131252
1436.82
103.694
111.749
180
180
153.048
138.784
43.4144
44.0023
1550117131753
1156.83
66.9311
57.4736
180
180
146.998
105.074
50.5539
0
1550117131844
369.089
68.8589
68.8589
180
180
153.961
90.0601
-nan(ind)
-nan(ind)
1550117132020
1121.2
92.7838
67.29
179.98
180
155.585
104.018
0
49.5004
1550117132112
1096.1
66.8898
42.5404
180
180
152.896
103.226
51.7719
-nan(ind)
1550117132288
1229.6
83.8859
137.601
180
180
131.841
128.075
49.2537
50.2533
1550117132394
1243.92
65.1021
42.8282
180
180
150.389
108.052
49.1747
-nan(ind)
1550117132438
1255.26
65.4493
44.6384
180
180
149.723
108.045
49.0195
0.0279765
1550117132515
1253.59
65.2075
45.6893
179.972
180
150.346
108.151
48.9721
0
1550117132583
1267.76
64.2849
46.1542
180
179.972
154.086
109.17
48.8866
0
1550117132618
1255.87
64.6466
42.9591
180
179.972
151.959
108.08
49.0118
0
1550117132653
1050.96
67.1415
39.8638
179.98
180
151.976
103.575
52.255
0.0197823
1550117132751
1245.33
65.0114
51.8863
180
179.972
152.032
107.717
49.3022
0
1550117132842
1296.57
80.1715
98.0977
180
180
141.83
126.206
48.2707
47.1045
1550117132985
1299.48
84.2145
101.914
180
180
143.245
128.508
47.7914
46.6024
1550117133093
1292.76
82.769
100.277
179.972
179.972
143.423
128.376
47.8644
46.6524
1550117133199
1295.37
79.951
98.3365
180
180
145.911
131.042
48.0671
46.8512
1550117133253
1297.95
78.4939
97.6669
180
180
147.827
133.293
48.214
46.984
1550117133300
1299.69
88.1501
106.886
179.972
179.972
142.781
128.882
48.2776
47.1162
1550117133352
1300.77
93.3701
112.118
179.972
179.972
140.241
126.887
48.289
47.1606
1550117133435
1295.81
94.7313
113.403
180
180
140.049
126.865
48.3487
47.2295
1550117133459
1257.12
90.8774
119.514
180
180
139.708
127.182
48.2245
47.4746
1550117133547
1233.34
93.5719
122.079
180
179.972
138.297
126.055
48.1817
47.4558
1550117133612
1161.94
66.0732
53.9947
179.972
179.972
153.255
106.776
50.871
0.0197823
1550117133691
1221.73
107.185
125.156
179.972
180
134.836
123.853
49.6401
48.5556
1550117133752
1234.23
91.6635
99.0242
179.98
179.98
122.978
108.922
49.4874
47.9949
1550117133810
1334.07
104.986
126.254
179.972
179.972
137.11
126.431
47.2467
45.9775
1550117133891
1081.81
68.8883
50.9151
179.98
180
141.425
104.418
52.276
0
1550117134082
1075.64
69.7606
59.867
180
180
135.681
103.789
52.0042
0
1550117134135
1120.89
67.4047
40.27
180
180
147.117
103.873
51.6473
0
1550117134258
1119.38
68.1661
53.0772
179.972
180
140.707
102.273
51.1079
0
1550117134312
1095.06
67.9234
52.0182
180
180
141.15
103.756
51.0573
0
1550117134371
1092.08
67.5742
50.3896
180
179.972
143.368
105.204
51.0624
0
1550117134427
1385.8
118.844
111.57
179.98
179.98
161.943
156.977
45.548
45.37
1550117134732
1060.49
69.87
102.04
180
180
138.765
105.729
52.3023
-nan(ind)
1550117135108
1182.09
160.225
167.898
180
180
101.768
99.5699
49.0262
49.2972
1550117135224
769.245
68.7476
68.7476
180
180
148.091
119.894
-nan(ind)
-nan(ind)
1550117136057
1060.03
85.315
107.438
179.98
180
160.777
143.848
52.4545
52.9814
1550117136355
1575.04
101.394
120.585
180
180
169.949
157.064
47.8513
46.8835
1550117136590
1655.07
142.924
120.405
180
180
144.86
135.84
46.5774
45.5332
1550117136660
1634.57
142.758
118.32
180
179.98
147.668
139.174
47.1947
46.2163
1550117136713
1433.91
92.1856
119.855
180
180
152.229
140.859
51.5227
50.7261
1550117136780
1439.83
95.6626
147.69
180
179.98
157.664
149.965
50.396
49.9231
1550117136848
1425.89
90.8348
121.976
179.98
180
170.469
165.105
50.627
49.7902
1550117136894
1271.13
163.408
158.516
180
180
140.688
136.7
52.9576
52.5302
1550117136982
1576.07
72.4026
82.1938
180
180
151.423
140.372
49.0583
48.6798
1550117137277
1537.25
141.376
121.588
179.98
179.98
144.607
137.509
51.3133
51.2688
1550117137521
1568.47
145.82
147.125
180
180
165.189
169.743
48.2566
47.7101
1550117137588
1578.7
155.104
154.423
179.98
179.98
172.108
167.991
48.4889
48.2655
1550117137635
1414.16
151.153
137.308
180
180
154.622
147.473
51.8698
51.1031
1550117137811
1282.2
137.194
106.514
179.98
180
166.698
157.23
55.1689
54.1198
1550117138274
1274.63
141.241
106.35
180
179.972
167.355
159.219
55.5182
54.4256
1550117138349
1296.8
137.169
108.422
179.972
179.972
166.644
156.421
54.9163
53.9939
1550117138384
1292.94
157.301
158.788
180
180
143.597
149.21
54.5965
54.1193
1550117138450
1277.86
155.786
156.515
180
180
142.851
148.395
54.6104
54.1888
1550117138517
1284.02
150.573
145.31
180
180
141.851
134.994
54.397
53.8753
1550117138553
1304.85
132.537
119.582
180
180
153.868
142.522
53.9598
53.246
1550117138587
1309.8
140.979
131.618
179.972
180
153.217
142.607
53.8404
53.1509
1550117138619
1309.21
146.131
141.763
179.972
180
144.072
134.631
53.8588
53.3222
1550117138652
1310.99
154.087
152.421
179.972
180
137.678
130.645
53.9173
53.4783
1550117138686
1319.1
157.808
156.861
179.972
180
135.981
130.084
53.847
53.4212
1550117138720
1321.13
157.021
155.897
180
180
136.644
130.586
53.8064
53.3746
1550117138766
1334.05
153.267
151.144
180
180
138.728
131.644
53.536
53.0776
1550117138791
1347.17
149.81
145.479
180
180
140.809
132.596
53.3328
52.7971
1550117138820
1342.22
149.898
146.333
180
180
140.267
132.192
53.385
52.8847
1550117138853
1335.18
149.972
147.737
179.972
180
139.435
131.582
53.449
53.0124
1550117138886
1316.44
153.784
152.502
180
180
136.009
129.346
53.8082
53.4062
1550117138968
1304.13
149.564
146.562
180
180
138.061
129.982
54.0061
53.5302
1550117139103
1317.94
164.816
156.796
180
180
151.886
148.461
53.8734
53.1941
1550117139245
1270.52
164.651
169.065
179.972
179.972
164.452
164.439
55.4129
55.0228
1550117139458
1289.71
124.394
114.209
180
180
160.056
162.432
54.8499
54.2506
1550117139573
1245.44
131.92
125.512
180
180
163.861
157.917
56.2577
55.2343
1550117139657
1260.48
164.508
167.639
180
180
156.024
154.244
55.8646
55.4694
1550117139728
1272.29
166.859
167.965
180
179.972
153.916
157.713
55.1014
54.5215
1550117139878
1356.66
124.91
96.4764
180
180
163.389
152.052
54.8767
53.8598
1550117139979
1285.51
91.5447
84.9122
180
180
160.35
152.759
54.5173
54.0101
1550117140046
1285.54
89.3464
84.0057
179.972
179.972
160.697
151.963
54.6181
54.1746
1550117140084
1304.52
92.0104
85.5811
179.972
179.972
161.14
154.494
54.6241
54.1536
1550117140146
1217.55
140.233
141.327
180
180
163.127
159.15
56.594
55.6371
1550117140262
1264.43
133.853
111.924
180
180
163.669
153.941
55.9511
55.0986
1550117140387
1242.93
166.625
171.889
179.98
179.98
165.03
167.753
55.4236
54.9877
1550117140413
1239.57
158.876
160.833
179.98
180
158.931
154.795
55.7949
55.4218
1550117140444
1236.68
156.235
157.776
179.98
179.98
160.057
154.904
55.9619
55.6004
1550117140476
1237.25
105.323
98.4264
179.98
179.98
166.369
158.58
55.9269
55.4722
1550117140542
1243.18
145.509
142.585
180
180
167.422
166.723
55.8069
55.4021
1550117140609
1246.18
165.593
171.18
179.98
179.98
163.83
166.157
55.7441
55.327
1550117140644
1247.25
164.859
169.077
180
180
160.507
160.377
55.7325
55.3274
1550117140677
1250.13
160.753
161.659
179.98
179.98
165.875
169.125
55.6879
55.2858
1550117140710
1281
102.439
94.5109
180
179.972
159.606
157.262
54.7332
54.2881
1550117140907
1291.5
106.377
95.6337
179.972
179.972
157.792
157.156
54.4794
53.9201
1550117140938
1291.26
94.5689
87.8292
180
180
163.147
155.88
54.6237
54.1439
1550117140981
1296.1
95.6684
89.4935
180
180
164.755
155.966
54.5276
54.0669
1550117141045
1297.05
96.2032
89.8817
180
180
164.465
155.788
54.465
54.0109
1550117141085
1296.92
93.7465
87.7779
179.972
179.972
163.801
154.663
54.5148
54.0803
1550117141147
1300.87
101.679
96.2508
179.972
179.972
164.37
151.162
54.5328
54.0392
1550117141213
1305.57
89.1531
84.1952
180
180
164.069
151.465
54.4958
54.0009
1550117141250
1264.83
154.486
141.296
179.98
179.98
138.413
149.487
55.5313
54.4657
1550117141415
1267.07
156.035
147.419
180
180
136.351
147.138
55.6902
54.6376
1550117141437
1311.1
149.797
134.931
180
180
138.579
148.165
54.7834
53.8396
1550117141510
1315.9
155.733
139.714
179.972
180
125.246
137.692
54.9226
53.866
1550117141576
1300.57
149.785
144.362
180
180
143.471
152.423
54.5885
53.9793
1550117141611
1317.68
175.951
177.147
180
179.972
161.799
162.485
54.2517
53.9349
1550117141679
1339.49
173.026
170.938
179.972
180
167.479
165.83
54.7462
54.3535
1550117141744
1475.89
151.317
146.117
179.98
179.98
138.003
140.399
52.6632
51.9228
1550117141824
1476.13
140.351
134.173
180
179.98
138.551
129.879
51.8424
51.7238
1550117141944
1624.12
129.433
113.47
180
180
140.602
128.946
48.6456
48.2786
1550117142059
1685.55
118.958
101.754
180
180
137.454
125.497
48.1873
48.4917
1550117142152
1655.4
91.161
106.841
180
180
160.417
139.851
48.6504
47.9897
1550117142406
1611.51
96.8517
115.016
180
180
154.833
134.934
47.7756
47.603
1550117142490
1651.41
171.218
134.473
180
180
148.649
155.021
48.4253
48.073
1550117142517
1700.12
166.128
131.73
179.98
179.98
153.775
161.863
47.3927
46.7447
1550117142550
1717.8
119.424
129.035
179.98
179.98
163.502
158.053
46.0373
44.6441
1550117142582
1722.67
122.042
110.985
180
180
151.969
141.215
44.0984
43.4355
1550117142683
1699.33
120.288
102.832
180
180
151.925
139.761
44.6599
43.5803
1550117142717
1658.68
106.96
99.5285
180
180
156.239
145.235
44.6651
43.6673
1550117142750
1596.55
80.8926
80.9752
179.98
179.98
162.037
142.1
44.1974
44.7976
1550117142787
1648.97
92.7064
91.078
180
180
166.596
155.601
44.5833
43.3944
1550117142818
1693.82
124.097
94.9502
180
180
153.787
140.281
45.3007
43.4333
1550117142947
1656.78
95.8426
101.363
179.98
179.98
162.118
139.757
43.4979
42.6257
1550117143020
1662.74
95.7906
100.989
180
179.98
160.77
138.156
43.288
42.4299
1550117143053
1632.24
98.1552
96.2406
179.98
179.98
156.448
132.617
43.2149
42.237
1550117143087
1547.35
105.099
102.418
180
180
141.985
116.97
43.216
42.2608
1550117143162
1497.48
105.988
104.89
180
180
133.825
108.932
43.2505
42.4396
1550117143224
1445.61
100.12
100.795
180
180
134.05
111.356
43.3131
42.5262
1550117143282
1491.73
95.609
102.504
179.98
179.98
157.052
140.997
44.3231
43.637
1550117143365
1179.93
114.549
123.993
180
180
168.018
159.569
50.1057
49.2504
1550117143476
1542.06
86.0452
81.4882
180
180
151.044
129.881
45.8754
44.4012
1550117143557
1536.65
97.7561
97.1844
180
180
154.428
138.682
45.0469
43.8404
1550117143625
1571.56
99.1531
110.349
180
180
157.733
145.521
44.4608
43.8688
1550117143689
1567.66
110.147
108.956
180
180
159.658
147.849
44.9235
44.4564
1550117143727
1536.68
102.795
111.304
180
180
161.285
148.509
45.553
44.7024
1550117143764
1561.71
104.34
95.4921
180
180
156.507
138.227
45.7932
44.7444
1550117143829
1604.9
102.053
117.622
180
180
157.682
143.634
42.8371
43.3408
1550117143866
1258.89
120.389
109.119
179.972
179.972
163.653
155
48.2631
47.1558
1550117144044
1257.65
134.178
133.087
180
180
138.899
155.473
49.7593
49.3739
1550117144095
1242.67
111.934
100.819
180
179.972
158.07
145.387
48.4752
47.78
1550117144147
1252.35
151.235
127.22
180
180
152.633
152.989
48.7064
47.6251
1550117144211
1211.73
137.455
131.312
179.98
179.98
146.188
137.945
49.0272
48.6094
1550117144271
1197.76
125.462
124.622
179.98
179.98
142.158
158.353
50.2539
50.0327
1550117144327
1149.89
117.397
149.917
180
180
161.491
161.858
49.7385
50.4203
1550117144400
1171.96
163.549
140.308
180
180
143.528
147.548
49.9906
48.8405
1550117144479
1236.22
153.307
153.166
179.972
180
133.913
127.312
48.7293
48.6874
1550117144546
1201.27
135.439
135.229
180
180
125.116
139.389
50.6582
50.4973
1550117144579
1262.37
101.099
87.7018
180
179.972
147.161
138.181
48.3284
48.6357
1550117144798
1288.42
127.02
113.521
180
180
138.214
127.836
48.1645
46.8705
1550117144873
1303.3
100.682
100.443
180
180
142.003
125.613
47.6102
47.4185
1550117144929
1379.83
135.616
93.28
180
180
144.832
132.305
47.4313
46.4514
1550117144988
1512.76
163.46
133.765
179.98
179.98
167.184
160.902
43.4541
42.6642
1550117145158
1527.1
147.962
136.261
180
180
140.657
131.895
44.0982
43.557
1550117145282
1516.05
137.82
127.16
179.98
180
148.477
138.245
43.7057
43.0376
1550117145391
1516.69
144.97
129.917
180
180
149.337
140.264
43.6579
42.4784
1550117145462
1593.8
141.052
163.213
180
180
149.966
151.636
42.6728
43.3602
1550117145539
1570.5
137.231
154.107
180
180
148.034
140.682
43.0096
42.6577
1550117145566
1568.71
103.082
159.535
179.98
179.98
161.391
166.425
42.6733
43.4561
1550117145612
1551.25
97.5242
157.947
179.98
179.98
162.749
168.77
42.6081
44.1576
1550117145646
1536.74
164.59
150.598
180
179.98
157.611
154.953
42.6992
42.7263
1550117145679
1547.08
124.374
148.407
180
179.98
147.859
138.895
42.7005
42.9131
1550117145746
1585.66
139.336
154.829
179.98
180
146.306
139.284
42.4982
42.4142
1550117145779
1544.51
157.052
158.672
180
180
145.64
141.46
42.5294
42.0338
1550117145847
1511.99
116.871
156.663
180
180
148.445
151.922
42.6565
45.0416
1550117145923
1555.09
107.833
155.489
180
180
150.26
154.069
42.6331
45.2956
1550117146051
1562.57
100.378
149.728
180
180
152.485
156.106
42.842
45.402
1550117146076
1568.57
102.785
140.796
180
180
152.857
155.625
43.1525
45.654
1550117146190
1584.08
124.357
133.457
180
180
152.589
152.995
43.3319
44.9754
1550117146264
1573.69
114.759
138.251
179.98
179.98
153.371
155.148
43.299
45.2694
1550117146292
1555
146.242
146.176
179.98
180
152.027
145.549
43.2485
43.5585
1550117146323
1479.07
114.556
120.685
180
180
148.658
135.763
44.4323
44.3961
1550117146355
1369.53
124.239
121.804
180
179.972
139.778
127.281
46.6229
46.1585
1550117146420
1330.56
125.829
124.091
180
180
138.053
125.944
47.2479
46.8179
1550117146502
1485.22
145.817
151.804
180
179.966
140.051
140.865
45.1831
46.8935
1550117146585
1420.67
127.923
143.007
179.98
179.98
149.688
139.964
44.1498
44.533
1550117146648
1422.2
122.034
124.315
180
180
154.804
155.115
43.6417
44.7288
1550117146761
1449.69
103.486
156.066
180
180
155.993
160.392
43.5142
46.0344
1550117146833
1407.38
165.707
124.433
179.972
179.972
141.096
133.251
46.6439
45.523
1550117146863
1337.64
130.441
130.251
179.972
179.972
138.07
126.643
48.1517
47.9637
1550117146893
1256.98
138.109
137.237
179.972
180
140.154
129.366
49.1219
48.8025
1550117146954
1333.55
137.364
160.223
179.972
180
139.409
143.349
47.3271
49.5517
1550117147088
1364.29
131.234
157.325
180
180
139.243
143.658
47.2556
49.6541
1550117147117
1372.43
137.674
159.648
180
179.972
139.173
142.721
47.1071
49.434
1550117147140
1356.58
130.826
149.925
180
180
140.359
143.529
47.3875
49.6084
1550117147186
1350.08
121.711
158.397
179.972
180
143.041
147.194
47.3053
49.9609
1550117147307
1316.59
125.696
147.314
179.972
180
144.367
147.139
47.3178
49.6452
1550117147374
1341.32
170.28
139.944
180
180
144.588
139.562
47.63
47.0807
1550117147402
1290.84
123.091
143.313
180
180
145.081
147.771
48.4024
50.3965
1550117147490
1263.59
147.368
142.022
180
180
143.257
134.246
50.3035
50.1387
1550117147604
1271.12
152.055
172.796
180
179.98
172.78
174.94
49.887
49.1894
1550117147692
1355.88
95.5709
114.08
179.972
180
163.242
165.746
49.2482
49.2821
1550117147757
1442.88
159.358
132.432
180
180
159.292
153.794
46.4534
45.7123
1550117147826
1450.52
164.539
134.675
179.972
179.972
153.376
146.277
47.4865
46.5238
1550117147897
1431.76
158.411
135.167
180
180
147.601
145.346
48.3784
47.6353
1550117147935
1350.15
120.77
142.293
180
179.96
144.007
147.374
48.2597
50.2009
1550117147997
1345.69
138.413
139.484
180
180
145.673
146.563
48.715
48.5818
1550117148052
1289.94
130.303
144.272
179.972
180
147.837
149.643
48.3738
49.5009
1550117148132
1201.62
125.859
143.859
179.98
179.98
145.921
148.818
50.1439
51.4759
1550117148200
1176.57
130.755
142.993
179.972
180
144.879
147.73
51.4584
52.1726
1550117148231
1231.75
143.182
167.975
180
180
143.795
152.065
50.8524
52.1739
1550117148264
1195.68
143.006
166.582
180
179.966
142.026
151.328
52.043
53.3069
1550117148296
1117.25
142.5
162.694
180
180
141.678
152.624
53.2576
54.5795
1550117148363
1095.32
143.631
167.344
179.972
179.972
145.874
155.183
53.1054
54.5487
1550117148398
1076.33
144.161
158.982
180
180
148.141
159.418
53.4467
54.5566
1550117148432
1091.58
144.342
163.162
180
180
142.644
153.737
53.1448
54.5344
1550117148531
1098.67
144.65
158.683
180
180
142.32
154.445
53.4524
54.473
1550117148658
1106.33
143.764
162.087
180
180
141.617
153.145
53.3407
54.5155
1550117148684
1107.56
146.563
168.588
179.972
180
140.049
149.367
53.1011
54.0935
1550117148713
1105.68
143.598
167.526
180
180
139.574
149.452
53.2239
54.3342
1550117148735
1099.94
136.607
159.665
179.98
180
139.476
152.051
53.6758
55.2839
1550117148783
1092.41
137.034
154.737
180
179.98
138.871
152.4
54.0435
55.3323
1550117148823
1094.03
137.019
160.97
179.98
179.98
137.258
149.513
53.9528
55.4397
1550117148863
1082.53
137.18
164.694
179.98
179.98
133.138
145.338
54.3593
55.5736
1550117148921
1053.55
143.896
170.054
180
180
131.484
140.65
55.402
55.7859
1550117149020
1224.17
131.767
152.461
180
180
147.241
154.777
51.4235
52.4881
1550117149152
1323.57
105.989
141.386
179.972
179.972
156.435
157.983
48.498
50.3446
1550117149187
1450.04
136.265
144.114
180
179.98
145.345
143.108
46.0421
48.4998
1550117149212
1486.64
151.272
142.059
180
179.98
142.302
139.012
45.2393
47.8493
1550117149236
1628.04
80.4322
124.602
179.98
179.98
170.506
175.379
44.2416
46.1572
1550117149281
1612.07
102.655
157.567
180
180
173.95
170.342
44.0039
45.9611
1550117149315
1611.91
102.12
165.756
180
180
166.974
161.059
43.7652
46.0253
1550117149348
1722.03
98.9014
137.232
180
180
162.691
156.381
43.5629
44.6266
1550117149381
1258.33
149.192
159.915
180
179.98
135.483
146.654
54.3321
54.0575
1550117149815
1437.71
134.081
142.908
179.972
179.972
151.03
155.033
50.0698
50.7832
1550117150210
1486.13
128.076
119.656
180
180
165.065
155.902
46.8009
47.2347
1550117150393
1412.91
127.559
114.833
180
180
163.005
150.422
47.9706
48.2795
1550117150460
1474.8
112.649
111.552
180
180
161.546
150.988
45.8709
45.9012
1550117150584
1479.37
137.391
121.904
180
180
169.718
168.259
45.2344
47.1113
1550117150624
1015.5
115.708
135.377
179.972
179.972
159.889
148.458
50.2176
50.6392
1550117151595
1211.61
98.2291
134.219
180
179.98
154.42
144.57
46.5963
48.8591
1550117151695
979.413
126.955
137.366
179.972
179.972
159.8
149.578
51.0472
51.2794
1550117151836
1253.93
104.914
106.872
179.972
180
145.759
126.512
45.9164
46.0925
1550117151932
1110.04
91.1028
102.572
180
180
166.832
150.632
48.4754
48.973
1550117152038
1137.9
96.2544
105.684
180
180
160.608
146.271
48.9099
49.995
1550117152126
1107.65
96.1371
118.95
180
180
148.274
133.751
49.9939
51.1728
1550117152172
1151.94
89.8782
131.83
180
180
157.874
144.54
48.7612
50.6574
1550117152224
1153.59
88.5759
130.021
179.98
180
158.525
159.684
48.6104
50.6674
1550117152280
1136.7
107.67
141.174
180
180
156.631
146.164
49.177
50.4194
1550117152360
1121.82
132.109
122.539
180
180
156.624
149.31
49.3165
50.3268
1550117152394
1114.53
131.228
132.385
180
180
155.532
147.908
49.1741
50.6013
1550117152460
1142.7
159.951
173.227
180
180
135.408
133.528
48.6829
50.0046
1550117152572
1079.1
144.396
144.758
180
180
136.596
130.276
49.3551
49.8099
1550117152747
1196.75
102.13
119.09
179.98
180
159.49
146.418
48.691
50.0343
1550117152864
1153.57
97.3057
113.32
180
180
155.908
140.617
49.0228
50.6179
1550117152939
1134.21
97.9184
111.538
180
180
153.14
137.092
49.1829
50.1645
1550117153011
1126.78
97.7015
110.075
179.972
179.972
153.849
138.07
49.1877
49.7201
1550117153070
1174.19
147.868
119.667
180
180
160.771
152.93
49.042
48.9424
1550117153181
1172.94
157.112
129.576
180
179.98
153.223
156.059
49.5622
49.1912
1550117153255
1158.43
141.967
122.198
180
180
151.412
158.906
50.097
49.532
1550117153313
1150.37
118.837
131.114
180
180
153.095
141.499
48.7275
49.8825
1550117153336
1149.5
116.25
130.201
180
180
155.811
144.341
48.7314
49.9988
1550117153357
1130.25
93.2629
114.577
180
180
157.996
169.483
49.8465
50.5413
1550117153384
1178.78
97.0872
103.519
180
179.98
152.377
135.514
47.8344
47.994
1550117153449
1188.32
107.956
141.047
180
180
163.524
155.467
47.8131
47.9444
1550117153484
1120.24
92.3151
116.197
180
180
148.397
131.939
48.6733
49.5472
1550117153517
1118.71
94.4541
110.736
180
180
146.238
128.793
49.2988
50.0958
1550117153553
1220.68
129.049
117.867
180
180
159.467
149.422
48.2887
47.8714
1550117153650
1205.04
83.5836
123.738
180
180
159.055
143.779
48.1009
50.298
1550117153764
1188
103.771
126.369
180
179.98
159.174
145.73
48.4116
49.2699
1550117153872
1174.74
81.2925
118.419
180
179.98
159.875
143.491
48.5104
50.6094
1550117153896
1164.84
113.049
120.998
179.98
180
157.172
144.042
48.5918
49.3402
1550117154093
1140.05
80.3633
112.647
180
179.98
157.232
139.884
48.9514
51.0058
1550117154167
1130.21
89.4514
110.124
180
180
157.589
140.595
49.1583
50.9086
1550117154295
1141.62
77.6032
110.456
180
179.972
157.409
139.349
49.1941
51.3679
1550117154383
1143.4
82.9697
118.726
180
180
152.165
136.216
49.0523
51.1158
1550117154419
1154.49
83.7485
120.231
180
180
153.046
137.529
48.9721
51.027
1550117154451
1161.77
83.3525
120.255
179.98
180
153.872
138.383
48.994
50.9726
1550117154485
1164.87
97.5739
120.24
179.98
179.98
153.835
139.601
48.9143
50.7387
1550117154517
1168.87
81.6024
118.429
179.98
179.98
156.052
140.222
48.9636
51.0593
1550117154584
1152.22
109.026
119.04
179.98
180
157.218
143.681
48.9608
49.7284
1550117154651
1142.56
80.9082
116.553
179.98
179.98
155.055
138.338
49.1199
51.2461
1550117154685
1115.53
83.6022
115.21
179.98
179.98
152.145
134.864
49.3747
51.3067
1550117154751
1181.8
130.847
119.944
180
180
155.451
144.032
48.8256
48.6627
1550117154818
1180.01
84.6353
124.244
180
180
155.944
140.917
48.5691
50.7474
1550117154882
1172.11
149.583
121.197
180
180
154.443
145.788
48.81
48.7433
1550117154920
1152.85
83.4293
119.879
179.98
179.98
156.106
140.314
48.8162
50.8585
1550117154995
1166.47
83.3095
119.361
180
180
156.038
140.175
48.8398
50.8951
1550117155056
1150.08
91.5627
115.044
180
180
155.915
139.975
49.065
50.3637
1550117155117
1191.06
120.045
148.814
179.98
179.98
155.874
146.804
48.6327
49.1113
1550117155158
1149.68
89.9335
115.625
180
180
155.553
139.349
49.0728
50.6327
1550117155196
1125.26
93.3964
114.9
180
179.98
154.832
138.607
49.1482
50.5997
1550117155232
1154.69
78.4357
113.231
180
180
157.2
139.953
49.1378
51.2506
1550117155392
1149.07
78.8792
115.826
180
179.98
155.797
138.871
49.091
51.2482
1550117155429
1153.99
126.245
118.736
180
180
153.96
142.839
48.9456
49.7055
1550117155538
1161.72
81.5631
117.678
180
180
153.121
136.672
48.9778
51.084
1550117155621
1166.36
79.4903
116.914
180
180
154.123
137.48
48.9672
51.1306
1550117155670
1170.55
79.9416
116.294
180
180
158.663
142.026
49.0478
51.1172
1550117155721
1156.52
103.953
114.024
180
180
158.052
145.399
49.1734
50.9702
1550117155768
1149.44
113.828
118.653
180
180
157.019
144.281
48.8704
49.6858
1550117155832
1131.75
94.2555
113.111
180
180
155.078
139.172
49.1009
50.8505
1550117155901
1165.37
113.867
114.074
179.98
180
157.015
143.58
48.9288
49.5861
1550117155928
1175.23
117.298
116.957
180
180
156.977
143.937
48.826
49.2736
1550117155955
1187.45
82.0351
131.179
180
180
157.22
141.896
48.6735
50.9398
1550117155989
1165.79
100.51
118.683
180
180
155.286
140.53
48.7812
50.3661
1550117156309
1161.88
97.9725
117.643
180
179.98
155.619
140.428
48.8321
50.4066
1550117156435
1142.1
99.7915
117.464
180
180
153.192
138.129
48.9335
50.4202
1550117156460
1137.78
84.4115
116.993
179.98
180
152.49
136.218
48.9955
50.9417
1550117156481
1138.65
93.0582
113.314
180
180
156.03
140.071
48.8999
50.3444
1550117156527
1124.03
75.3848
110.55
180
180
156.881
138.938
49.6206
51.0776
1550117156594
1162.28
82.8727
128.411
180
180
157.51
143.252
48.3382
50.6761
1550117156694
1167.26
91.4879
120.712
179.98
179.98
155.259
140.273
48.8247
50.4588
1550117156816
1139.48
74.9423
109.753
180
180
165.178
148.964
49.4089
51.092
1550117156886
1103.15
79.5393
101.057
180
180
160.668
142.528
50.0366
51.0627
1550117156960
1125.83
89.6613
124.515
179.98
180
158.871
144.301
49.0787
50.6163
1550117156981
1112.08
92.162
112.813
179.98
179.98
160.752
145.684
49.314
50.2149
1550117157031
1110.68
84.0813
103.415
180
180
164.802
148.67
49.7248
50.5238
1550117157065
1118.65
85.7372
104.849
180
180
164.999
149.587
49.5749
50.3594
1550117157098
1106.75
115.463
137.765
180
180
160.797
169.594
50.748
51.4097
1550117157209
1115.19
113.953
128.595
180
180
152.739
163.874
51.0188
52.0523
1550117157269
1080.94
109.083
108.986
180
180
155.764
157.729
53.5014
53.3394
1550117157331
1087.16
104.796
115.279
180
180
157.926
158.638
53.0139
53.9331
1550117157372
1088.5
103.31
118.652
180
180
158.633
162.141
52.8656
54.3127
1550117157410
1070.1
116.386
147.261
179.956
180
130.81
130.512
53.1296
54.7548
1550117157475
1331.58
113.339
147.755
180
180
149.108
146.388
52.6035
54.6567
1550117157680
1333.58
120.921
139.845
180
179.972
149.36
149.155
53.7945
55.0677
1550117157734
1320.78
96.1776
105.277
180
179.96
158.695
158.253
56.3313
57.3221
1550117157889
1330.06
101.622
109.299
179.952
180
158.944
158.956
56.1481
57.2262
1550117157928
1351.91
118.779
113.412
179.96
180
159.271
159.818
56.0165
56.127
1550117157981
1371.62
126.252
115.105
180
180
158.899
159.918
55.9463
55.739
1550117158005
1381.69
132.14
120.345
179.972
179.972
157.961
159.288
55.7394
55.4348
1550117158028
1382.66
135.829
128.46
180
180
156.702
158.134
55.2964
55.2242
1550117158055
1436.06
152.774
148.317
180
179.972
151.378
153.965
54.0589
55.6433
1550117158121
1466.44
159.38
158.264
180
180
148.079
149.912
53.458
55.3243
1550117158154
1461.43
154.789
156.135
179.972
179.972
146.856
150.112
53.6509
56.1503
1550117158187
1462.32
158.319
160.881
180
180
147.421
148.597
53.6779
55.6928
1550117158221
1395.86
127.238
141.065
179.972
180
156.859
156.809
56.2472
57.9771
1550117158519
1425.61
129.759
145.985
179.972
179.972
156.448
156.225
55.3702
57.3938
1550117158555
1420.44
137.287
145.917
180
180
155.042
155.672
55.2898
57.2525
1550117158578
1425.31
138.719
156.444
180
180
153.147
151.84
54.9412
56.7698
1550117158600
1408.94
133.743
155.687
179.972
179.972
153.205
151.767
55.0804
56.8714
1550117158625
1394.5
125.671
153.486
180
180
155.127
153.323
55.4072
57.1048
1550117158655
1379.75
122.608
144.845
180
180
157.136
155.89
55.4881
57.2772
1550117158688
1371.54
122.027
137.756
179.972
179.972
158.876
158.061
55.5272
57.2075
1550117158720
1366.43
121.929
132.136
179.972
179.972
160.262
159.92
55.5558
57.1893
1550117158754
1383.46
136.186
139.311
180
180
160.994
161.234
55.2172
56.5317
1550117158788
1406.89
128.689
168.715
180
180
163.781
158.751
55.3555
56.6524
1550117158854
1385.68
143.744
161.938
180
180
158.133
155.646
54.8904
55.9647
1550117158889
1389.18
176.629
150.817
180
180
137.725
143.936
53.9749
54.0129
1550117158955
1396.44
174.222
161.425
179.972
179.972
132.305
137.214
53.4369
53.9116
1550117159061
1391.37
169.454
139.405
180
180
135.592
144.29
53.9046
53.348
1550117159082
1369.84
154.303
132.051
180
180
138.993
149.377
54.2567
53.4887
1550117159102
1371.45
154.632
130.55
180
179.96
140.868
150.958
53.721
52.9634
1550117159128
1361.09
149.25
128.508
180
180
139.855
150.025
53.7936
52.9027
1550117159155
1341.57
138.847
128.561
180
179.972
137.958
149.833
53.6371
53.0995
1550117159187
1382.55
155.992
174.916
180
179.972
134.393
131.038
52.61
52.8416
1550117159221
1375.04
175.884
146.692
180
179.972
128.653
133.726
52.8479
52.6544
1550117159254
1408.78
163.347
131.91
180
180
126.658
138.3
52.2552
51.4217
1550117159288
868.179
147.27
144.706
180
179.98
164.597
174.83
60.4216
59.8506
1550117159403
934.555
157.518
158.206
180
180
159.745
166.985
59.6986
59.5767
1550117159480
1040.54
144.539
155.602
180
180
163.406
161.316
58.2324
57.9291
1550117159675
1232.61
128.542
152.369
180
180
158.562
161.046
55.3853
56.0496
1550117159961
1008.74
159.964
171.716
180
180
148.609
150.857
59.9754
58.9823
1550117160173
1053.24
155.976
163.097
180
180
156.031
155.108
56.9323
56.6688
1550117160340
1198.67
150.63
126.659
180
179.98
161.081
158.149
54.4638
54.2832
1550117160571
1130.29
95.2648
124.744
180
180
171.551
175.537
56.3909
56.8259
1550117161101
1305.78
93.0815
122.29
180
179.972
161.138
159.97
52.2383
53.7818
1550117161206
1310.63
139.065
102.338
180
180
160.386
153.833
53.3655
52.3974
1550117161267
1539.02
129.05
169.474
179.98
179.98
150.82
157.044
47.1742
47.9614
1550117161440
1551.16
156.486
173.245
180
180
148.488
150.515
45.5028
46.125
1550117161500
1623.18
169.497
143.747
180
180
161.444
158.087
46.661
46.1566
1550117161604
1522.74
95.128
106.758
180
180
134.085
124.252
45.6071
46.6052
1550117161627
1530.02
101.302
116.074
180
180
135.85
128.016
45.2842
46.2403
1550117161657
1580.16
118.164
148.534
180
180
142.91
140.434
44.4362
45.5659
1550117161679
1510.49
95.8163
103.471
180
180
148.783
140.398
47.1234
47.1572
1550117161705
1540.76
96.3424
113.935
180
180
152.082
141.642
46.7024
47.4406
1550117161734
1625.52
110.615
136.148
180
180
145.975
142.371
43.8353
44.8175
1550117161767
1552.05
89.5994
86.8032
180
180
142.311
129.864
46.2591
46.4884
1550117161802
1570.63
146.195
170.317
180
180
165.342
166.141
45.9448
46.4814
1550117161874
1535.19
152.037
136.594
180
180
161.57
154.708
46.995
46.6568
1550117161941
1487.82
83.8717
80.7024
179.98
179.98
145.022
132.429
46.7518
47.0116
1550117162025
1472.11
138.35
167.722
180
179.98
147.884
142.457
45.9284
46.9615
1550117162125
1159.44
176.917
167.343
179.98
180
138.179
136.916
56.6833
55.859
1550117162205
1333.98
149.193
164.539
179.98
179.972
130.045
138.743
53.4593
53.9171
1550117162239
1175.53
150.246
157.898
179.98
179.98
172.343
168.039
54.3782
54.4111
1550117162335
1132.97
129.291
107.684
179.98
180
144.636
132.506
56.9149
56.0823
1550117162408
1368.38
141.659
176.05
180
180
150.958
149.191
48.8407
48.6386
1550117162456
1314.69
102.872
160.144
180
180
173.641
170.377
51.9446
53.5799
1550117162556
1677.42
156.992
141.281
179.972
179.96
161.172
158.303
45.5785
45.2928
1550117162640
1566.18
103.94
145.524
179.98
179.98
151.502
148.202
46.1703
48.4617
1550117162831
1518.14
112.473
133.884
180
180
120.145
105.546
49.0143
49.5238
1550117162889
1635.39
140.282
136.051
180
180
153.828
147.961
46.6099
46.6126
1550117162972
1604.11
144.831
117.262
180
180
140.95
133.46
46.2199
45.1129
1550117163031
1548.47
89.3002
111.138
180
180
168.376
151.145
48.8943
49.7177
1550117163544
1278.45
84.8214
89.749
179.98
179.98
120.79
122.245
51.2243
51.2197
1550117163638
1305.7
89.2657
96.4771
179.98
179.98
134.516
147.894
52.7197
52.2626
1550117163689
1283.87
86.8522
87.0412
180
180
130.572
145.054
53.2961
52.3996
1550117163722
1298.51
85.751
90.3455
180
180
149.952
150.215
52.3245
51.7218
1550117163796
1270.27
88.3686
87.931
179.98
179.98
170.713
164.792
52.6665
51.5996
1550117163856
1338.33
90.5317
100.57
179.98
179.98
151.807
167.729
51.944
51.527
1550117163917
1437.2
106.104
117.187
179.98
179.98
164.746
174.59
50.5796
50.5031
1550117164001
1462.47
103.255
134.408
179.98
179.98
155.85
167.985
49.8267
50.7759
1550117164063
1507.11
90.9666
129.897
180
180
122.247
112.975
49.8145
50.7829
1550117164368
1641.7
80.0796
82.8934
180
180
139.762
112.317
49.112
50.4364
1550117164434
1010.34
114.928
156.774
180
180
176.847
165.331
58.8366
60.1258
1550117164727
1170.61
69.6316
119.902
180
180
177.792
174.399
54.8378
57.1455
1550117164793
1076.01
125.802
109.45
179.98
179.98
165.461
151.998
56.629
55.9207
1550117164828
1116.86
134.617
174.097
180
180
147.186
141.854
55.705
56.2836
1550117164862
1206.71
131.305
165.451
179.98
179.98
128.701
139.976
56.0221
57.0384
1550117164935
1302.89
149.996
170.2
179.972
180
124.064
129.688
53.8332
53.462
1550117165002
1389.39
154.593
168.254
180
180
128.923
133.035
51.8086
51.6977
1550117165045
1442.78
153.184
163.284
180
179.98
135.101
137.567
50.3938
50.4953
1550117165094
1340.09
154.954
103.135
180
180
172.006
168.22
54.3728
53.7477
1550117165210
1315.97
133.03
108.763
179.972
180
173.456
168.394
55.2011
54.763
1550117165238
1235.56
124.387
127.803
179.972
179.972
172.966
166.697
55.2947
55.6441
1550117165329
1214.61
117.197
143.468
180
179.972
173.116
166.484
55.2801
56.2706
1550117165363
1184.6
122.199
141.681
179.972
180
176.305
177.075
55.7999
57.1717
1550117165430
1172.65
126.097
137.772
179.972
179.972
172.22
172.417
55.9822
57.2413
1550117165464
1167.48
117.962
132.349
180
180
160.484
161.7
56.2105
57.5537
1550117165498
1187.27
128.671
129.287
180
180
147.984
147.863
56.1301
57.3229
1550117165532
1141.71
121.401
131.142
180
180
126.853
127.85
57.1082
58.7216
1550117165644
1017.8
95.0728
101.226
179.972
180
120.581
118.434
59.1481
59.4445
1550117165807
991.849
103.314
94.7793
180
180
120.845
117.075
59.3757
59.0373
1550117165875
1025.97
105.131
174.408
179.972
79.4036
122.38
70.5417
69.2166
59.1283
1550117165973
1030.87
101.585
176.473
180
78.8275
121.968
69.1534
69.1545
59.0438
1550117166014
1049.59
88.0544
171.698
179.972
74.6905
119.544
62.5151
69.1011
58.3737
1550117166073
1062.7
77.7299
159.543
180
69.4804
118.904
58.7222
69.1267
57.9767
1550117166115
1168.68
106.22
100.655
179.972
179.966
178.464
175.986
57.2853
57.5454
1550117166232
1361.38
94.1519
73.6897
179.972
179.972
154.668
154.692
57.8525
57.3838
1550117166267
1441.41
109.938
87.1059
179.972
179.972
156.372
156.95
57.9666
57.4108
1550117166292
1598.44
107.732
111.413
179.98
179.98
159.894
158.47
55.0476
55.2046
1550117166336
1721.51
139.351
131.407
179.98
179.98
160.115
158.699
52.8836
52.6326
1550117166369
1774.81
147.727
136.212
179.98
179.98
160.17
158.796
51.5653
51.4924
1550117166403
1781.36
143.119
133.933
180
180
160.245
157.893
51.2
51.0239
1550117166436
1748.08
95.9736
91.1637
180
180
160.455
152.869
52
51.5332
1550117166581
1734.06
83.5382
86.2184
179.98
179.98
160.598
153.27
51.9252
51.9321
1550117166641
1742.93
83.1839
87.6438
179.972
179.972
160.734
154.877
51.517
51.7832
1550117166675
1747.45
82.4671
88.9096
180
180
160.822
155.173
51.6189
51.5672
1550117166713
1725.2
82.4059
86.4429
180
180
160.966
154.33
52.2941
51.6864
1550117166780
1676.74
78.5337
87.1345
179.98
180
161.253
155.132
52.6705
52.9829
1550117166840
1636.8
67.3943
78.2581
179.98
180
161.192
154.258
53.3453
53.9282
1550117166874
1594.22
67.7539
69.2147
179.98
179.972
161.068
154.293
54.0153
54.2382
1550117166908
1593.5
88.7957
70.0094
180
180
161.048
159.27
54.7716
54.139
1550117166974
1584.15
88.7934
73.0831
180
179.966
161.036
159.933
54.7885
54.3288
1550117166998
1573.82
88.2547
76.0312
179.966
179.966
160.993
160.192
54.8574
54.5369
1550117167025
1567.04
89.0664
78.1912
179.98
179.966
160.945
160.182
54.9506
54.6954
1550117167051
1558.45
92.1802
77.8857
179.98
179.98
160.755
160.122
55.328
54.868
1550117167091
1550.77
94.8242
74.5208
180
179.966
160.483
160.045
55.774
55.0258
1550117167170
1528.22
92.5502
69.7363
180
179.98
160.195
160.118
56.3555
55.4688
1550117167275
1514.48
92.1989
161.632
180
142.518
160.252
135.933
68.2996
55.7624
1550117167325
1510.19
93.5264
163.842
180
145.936
160.333
136.372
69.4646
55.8429
1550117167391
1509.5
95.7597
166.588
180
146.864
160.457
136.83
69.9938
55.8835
1550117167473
1507.67
98.6246
166.03
179.98
147.244
161.748
135.775
70.2204
55.8358
1550117167630
1509.57
99.9601
165.264
180
146.766
162.137
135.414
68.9747
55.7796
1550117167673
1510.48
100.723
164.311
179.98
149.534
162.44
135.504
73.4609
55.7588
1550117167715
1512.89
96.893
166.155
180
156.099
162.834
137.28
92.6915
55.7513
1550117167800
1515.31
95.8451
168.282
180
154.075
162.833
137.894
98.2492
55.694
1550117167823
1511.39
94.6682
167.851
179.98
156.381
162.8
138.465
93.5392
55.7596
1550117167849
1506.98
95.2317
167.532
179.966
159.426
162.686
139.38
83.9229
55.8015
1550117167873
1505.69
96.8272
167.045
180
155.881
162.479
140.642
71.0646
55.7764
1550117167897
1510.42
99.7955
168.013
179.98
151.548
162.354
141.679
63.5365
55.6314
1550117167927
1515.31
104.163
167.858
180
146.436
162.245
142.208
58.0799
55.4741
1550117167960
1516.08
106.942
169.18
180
142.967
161.9
142.526
56.4485
55.3835
1550117167993
1500.57
104.167
166.335
180
148.966
160.241
144.748
64.741
55.4395
1550117168058
1513.41
112.086
160.449
179.98
149.912
159.41
146.775
66.8253
55.1263
1550117168092
1528.88
121.104
166.51
180
150.598
158.445
147.95
66.051
54.7852
1550117168126
1513.33
113.368
157.611
180
149.694
157.602
149.219
65.6532
55.3041
1550117168160
1555.3
139.513
172.571
179.98
161.435
156.684
148.342
73.6494
55.1126
1550117168274
1552.9
126.18
162.9
180
170.334
155.95
150.419
82.6363
55.2783
1550117168341
1530.29
110.773
154.673
180
168.768
155.975
150.115
83.161
55.815
1550117168366
1498.13
97.7018
142.658
180
165.059
155.957
149.264
84.1464
56.3477
1550117168395
1480.08
91.6023
147.541
179.98
142.286
155.115
146.273
67.6167
56.8255
1550117168492
1561.49
130.461
146.467
180
160.037
154.853
150.262
81.9008
54.7548
1550117168567
1598.82
164.684
149.163
179.98
164.356
154.55
144.583
89.8367
53.7146
1550117168645
1520.58
107.761
117.34
180
155.312
157.886
147.876
87.781
54.5804
1550117168729
1514.59
101.191
162.85
180
160.02
162.18
136.233
84.547
54.1691
1550117168830
1535.64
117.457
163.756
180
161.086
162.914
134.274
86.894
53.5238
1550117168859
1510.94
100.586
163.955
179.98
163.652
162.766
132.306
89.0621
53.9104
1550117168880
1486.04
85.1255
161.991
179.98
163.318
162.54
132.511
90.9125
54.6701
1550117168905
1476.11
79.2251
158.624
179.98
161.992
162.387
132.379
89.2594
54.77
1550117168929
1493.16
92.2671
137.198
179.98
161.405
160.902
138.871
91.2581
54.5247
1550117168993
1479.03
88.3146
153.8
180
161.586
160.342
137.377
91.6831
54.7912
1550117169027
1473.43
87.3533
166.169
180
162.466
160.516
136.71
91.715
54.7878
1550117169060
1479.16
92.7077
153.026
179.98
163.64
161.946
139.594
91.0115
54.1122
1550117169126
1537.58
145.366
142.031
180
158.458
162.406
136.238
89.4635
51.9504
1550117169192
1532.71
145.518
144.251
179.972
158.413
162.43
133.788
90.8011
52.6612
1550117169227
1509.16
118.112
152.589
179.972
66.1484
162.551
127.689
66.2262
53.7439
1550117169261
1524.51
148.531
150.578
180
67.4427
162.721
130.959
66.0022
52.9778
1550117169309
1497.15
135.567
148.211
179.972
67.2566
162.093
130.935
66.0341
52.3653
1550117169336
1492.03
129.175
147.312
180
67.1536
160.91
132.8
65.9998
52.2242
1550117169361
1509.86
154.73
140.885
179.966
65.9524
158.522
137.842
65.926
52.0252
1550117169435
1488.18
108.123
133.19
180
64.1855
158.253
142.287
65.7129
52.9988
1550117169508
1493.02
102.434
125.102
180
61.8253
160.247
138.845
65.4993
53.2571
1550117169643
1501.34
106.433
122.65
179.972
61.2624
161.12
140.107
65.45
53.0071
1550117169711
1509.34
109.677
118.211
179.972
60.147
162.614
140.864
65.4409
52.8551
1550117169776
1504.04
110.016
110.319
180
146.594
161.364
141.005
81.7833
52.7778
1550117169872
1503.26
111.657
106.464
180
146.148
160.661
141.559
79.4486
52.7244
1550117169893
1505.41
114.721
102.561
179.972
146.608
159.954
142.09
80.5344
52.5762
1550117169919
1510.57
118.734
97.0519
179.972
146.376
159.034
144.156
80.2349
52.3446
1550117169942
1513.69
124.374
91.5964
179.972
145.436
157.4
144.564
79.8523
52.0344
1550117169968
1510.82
127.633
89.615
179.972
145.216
156.022
142.323
79.5287
51.8152
1550117169999
1501.98
129.15
89.3744
179.972
144.889
155.333
139.754
79.2849
51.6944
1550117170033
1490.32
129.647
95.984
179.972
145.518
155.114
136.976
78.7305
51.7041
1550117170066
1476.29
150.137
80.0577
179.972
146.738
154.417
145.241
80.0315
51.9196
1550117170133
1468.92
145.984
61.9798
180
147.049
151.734
162.725
80.7301
52.1712
1550117170167
1457.73
144.186
61.3884
179.972
146.419
149.785
168.002
80.8933
52.5828
1550117170233
1460.8
145.293
65.8506
180
146.391
150.934
164.74
81.3707
52.5925
1550117170301
1463.39
145.893
66.9072
180
146.219
150.706
162.711
81.3537
52.4804
1550117170351
1465.19
146.061
65.512
179.972
146.082
149.998
162.738
81.4318
52.3966
1550117170376
1468.3
146.345
61.8877
179.972
146.944
148.204
163.526
85.1409
52.2078
1550117170436
1467.69
146.465
61.7972
180
146.836
148.252
163.736
83.294
52.2151
1550117170470
1466.47
146.672
62.9129
179.972
147.135
148.652
163.213
83.2229
52.2173
1550117170541
1465.95
146.849
63.5978
180
146.93
148.812
162.617
81.5528
52.2334
1550117170603
1465.27
148.696
76.5848
179.972
146.834
150.729
150.927
81.5115
52.2415
1550117170644
1465.25
148.698
74.7202
180
146.819
150.7
152.937
81.5148
52.2531
1550117170683
1465.2
147.945
68.8319
180
146.774
149.815
158.538
81.4671
52.2466
1550117170723
1464.23
148.888
73.794
179.972
146.86
150.172
153.205
81.797
52.2538
1550117170777
1464.6
136.6
83.55
180
147.095
148.95
148.818
81.7983
52.2544
1550117170864
1464.51
149.648
88.7992
180
147.316
151.27
141.932
81.8284
52.2549
1550117170897
1464.04
148.046
65.3376
179.972
147.443
148.905
161.081
82.0869
52.2597
1550117170926
1463.62
146.541
60.3652
179.972
147.475
147.606
166.063
82.1459
52.2637
1550117170951
1463.73
148.576
67.5169
179.972
147.448
149.374
159.597
82.2549
52.2614
1550117170978
1463.91
149.858
72.6281
179.972
147.457
150.072
154.805
82.2513
52.2585
1550117171008
1464.48
150.328
92.1154
179.972
147.441
150.973
139.586
82.2814
52.2477
1550117171041
1464.75
152.313
82.4253
180
147.385
151.112
147.137
82.342
52.2615
1550117171074
1465.29
149.211
67.1076
180
147.46
149.758
161.128
82.2477
52.2466
1550117171108
1463.59
151.339
79.5756
179.972
146.738
152.459
151.895
81.6228
52.4502
1550117171295
1461.62
147.571
65.9092
180
146.668
151.71
168.115
81.8482
52.5792
1550117171400
1459.9
149.413
73.9242
180
146.09
152.745
159.201
82.067
52.5805
1550117171426
1462.23
151.166
88.9884
179.972
145.393
152.427
144.93
83.8559
52.499
1550117171451
1462.25
148.325
67.3631
179.972
144.779
150.086
163.016
87.7325
52.4717
1550117171476
1460.92
146.418
59.7194
179.972
140.405
148.252
169.893
78.3743
52.4862
1550117171497
1459.14
145.855
58.3435
180
138.664
147.788
170.779
73.9757
52.5228
1550117171527
1461.61
146.433
58.7807
180
137.944
147.733
169.602
72.3744
52.4177
1550117171556
1474.61
148.835
60.0621
179.972
137.953
147.233
166.351
77.5398
52.1855
1550117171584
1478.8
155.208
54.7586
180
133.87
146.737
163.109
79.4846
51.9163
1550117171614
1455.65
153.544
55.1148
179.972
130.724
148.915
166.169
76.1276
52.2108
1550117171640
1442.56
149.092
51.8096
180
131.931
148.66
168.771
80.3886
52.2559
1550117171666
1383.02
158.991
35.0256
180
102.107
129.435
148.459
79.5832
52.8617
1550117171727
1374.84
164.038
38.5934
180
98.2705
126.357
150.452
82.3275
52.9622
1550117171794
1441.27
139.377
168.861
180
180
134.467
129.891
52.4006
52.9479
1550117171873
1445.21
129.521
171.631
179.972
180
135.17
129.95
52.0873
54.0609
1550117171931
1457.33
152.042
158.935
180
180
130.478
134.041
50.8225
51.401
1550117171960
1429.89
158.503
174.95
180
180
129.567
127.242
52.0264
53.1364
1550117171995
1430.57
156.913
176.525
180
180
130.993
128.087
51.6777
52.4589
1550117172028
1426.59
140.573
152.426
180
179.972
139.942
133.789
51.8331
52.1838
1550117172094
1430.83
133.629
161.601
180
179.972
142.044
135.86
51.4338
52.8029
1550117172127
1424.39
151.026
159.715
179.972
180
139.303
136.358
51.1846
52.0965
1550117172161
1426.01
152.285
173.714
180
180
134.3
131.777
51.1182
51.9863
1550117172194
1300.7
162.316
164.245
180
180
116.049
120.358
53.4063
53.5058
1550117172306
1348.15
156.216
158.679
180
180
118.444
125.045
51.9366
52.559
1550117172380
1339.04
153.918
169.569
179.972
179.972
125.2
121.167
51.9434
52.7615
1550117172472
1344.7
149.818
162.703
180
180
124.082
122.928
51.5773
53.2585
1550117172499
1315.74
158.431
170.999
179.972
180
120.577
119.578
51.8359
53.3846
1550117172528
1264.49
169.206
176.181
180
180
117.591
117.233
52.1518
53.0783
1550117172561
1236.76
171.357
175.641
179.972
179.972
116.023
116.391
52.4179
53.2468
1550117172595
1227.88
169.784
152.655
179.972
180
116.067
118.547
52.7555
53.3721
1550117172628
1306.23
154.692
154.23
180
179.972
121.847
126.69
48.9063
49.4159
1550117172847
1395.56
136.451
164.941
179.972
179.972
144.605
141.106
49.0597
49.4982
1550117172961
1446.21
92.7152
152.753
180
179.972
155.476
149.179
48.9832
52.5504
1550117172995
1312.52
25.0305
51.3488
180
180
146.993
137.688
50.2916
49.9288
1550117173143
1492.33
79.5026
102.994
180
180
138.601
122.672
48.8752
49.4541
1550117173311
1556.82
97.686
123.797
179.98
180
135.352
122.325
47.6887
48.1538
1550117173397
1367.24
81.9979
86.9718
180
179.98
124.601
101.493
48.4291
48.5143
1550117173433
1291.93
100.24
86.6801
179.98
179.98
109.561
91.1269
49.6892
48.5689
1550117173479
1311.95
97.682
90.9075
179.98
179.98
108.758
87.8046
48.1779
47.3795
1550117173503
984.064
169.488
164.954
180
179.972
136.097
136.933
57.198
57.9365
1550117173673
1041.19
153.675
154.175
180
180
126.241
138.481
55.3143
55.7433
1550117173749
1088.95
162.206
161.583
180
180
132.593
138.871
54.4399
55.2946
1550117173804
1440.47
129.958
165.414
179.98
179.98
136.803
131.876
48.2394
47.7981
1550117173955
1364.55
138.854
173.207
179.966
179.966
133.861
129.331
49.6185
49.8128
1550117174180
1355.14
139.917
143.831
180
179.972
145.921
144.978
49.7111
49.8975
1550117174275
1396.79
131.086
162.407
180
180
135.248
130.205
48.6443
50.1721
1550117174310
1264.09
159.993
164.548
180
180
143.892
145.539
51.7554
51.8624
1550117174498
872.996
155.719
152.479
179.972
179.972
139.87
153.599
59.204
59.5686
1550117174584
1223.24
155.503
158.03
180
180
131.204
139.13
51.4034
51.0944
1550117175013
1333.74
86.1111
148.877
180
180
132.728
121.152
51.2159
51.603
1550117175184
1356.84
98.3021
135.297
180
179.972
131.953
120.478
50.9548
51.4518
1550117175253
1179.69
148.137
149.112
180
180
123.929
123.415
52.8201
53.6507
1550117175422
1200.09
148.293
148.586
180
180
130.003
131.74
51.8377
52.242
1550117175526
1245.11
152.928
159.441
180
180
136.789
140.971
51.6155
51.592
1550117175694
1026.3
158.848
142.412
179.98
179.98
135.959
149.043
56.0318
56.3099
1550117175812
1056.94
155.984
152.47
179.972
179.966
127.558
135.365
53.7746
54.7129
1550117175886
1103.73
153.341
156.904
180
180
130.807
135.197
53.2623
53.905
1550117175966
1404.24
89.6937
109.385
179.98
179.98
114.604
99.0261
46.8504
47.8278
1550117176055
1581.45
124.732
121.25
180
180
173.648
168.151
50.98
49.6768
1550117176241
1594.69
116.37
118.81
179.98
179.98
170.769
166.853
50.8734
50.2573
1550117176301
1585.72
84.0726
97.6432
179.98
179.98
179.089
168.249
52.0406
51.1141
1550117176370
1550.71
79.4857
92.1821
180
180
173.597
154.486
52.7412
51.9697
1550117176412
1525.71
77.6905
95.3156
179.966
179.966
169.804
153.327
53.1455
52.6792
1550117176460
1482.1
76.8317
98.145
180
180
170.247
152.841
53.6116
53.3605
1550117176504
1421.47
88.8352
142.409
179.98
179.98
156.687
150.232
55.0581
55.7669
1550117176680
1400.14
95.2737
134.668
180
180
150.184
137.984
54.1892
55.7402
1550117176781
1389.46
88.1472
110.963
180
180
169.568
158.034
54.0634
53.9152
1550117176909
1407.21
93.9355
122.386
179.98
179.98
165.22
154.035
53.5608
53.22
1550117176997
1424.4
90.4036
114.187
179.98
179.98
168.271
153.691
53.5928
53.3123
1550117177080
1446.23
90.6441
115.64
179.98
180
174.358
161.8
53.2255
52.8799
1550117177102
1430.76
99.9055
109.519
180
180
173.269
175.941
53.0154
52.1033
1550117177164
1425.85
91.689
111.765
180
180
177.754
169.961
53.1165
52.7877
1550117177197
1425.41
85.7491
104.399
179.98
179.98
175.408
170.724
53.3297
53.1063
1550117177230
1424.17
101.404
98.1524
179.98
179.98
167.912
167.787
53.3758
52.513
1550117177264
1451.07
121.903
103.569
180
180
160.379
158.848
53.1162
52.0818
1550117177297
1440.81
101.003
104.457
179.98
179.98
166.709
167.415
53.0007
52.2845
1550117177330
1443.47
108.156
101.562
179.98
179.98
168.27
167.644
52.9319
51.9941
1550117177364
1461.18
121.903
116.982
179.98
179.98
166.918
169.274
52.4305
51.4879
1550117177397
1481.76
118.725
140.49
180
180
163.133
168.405
51.5523
51.1456
1550117177431
1468.92
112.209
124.443
180
180
159.868
164.544
52.3045
52.4837
1550117177463
1509.27
121.49
131.702
180
180
163.273
167.293
50.9837
49.5244
1550117177497
1521.49
62.5608
115.162
180
180
164.543
165.662
50.8878
50.475
1550117177530
1492.46
92.1044
93.5353
179.972
179.98
173.999
169.364
51.7072
50.8747
1550117177578
1444.64
74.8629
85.8882
179.972
180
175.262
149.458
52.6848
53.0656
1550117177603
1472.58
77.8623
95.3635
180
180
175.292
154.556
52.1009
52.8111
1550117177630
1526.57
101.743
130.948
179.98
179.98
174.442
172.499
49.145
50.821
1550117177663
1562.06
83.2297
165.265
179.98
179.98
172.55
165.266
49.0343
51.3686
1550117177697
1564.16
74.7074
124.562
179.98
179.98
170.957
156.959
49.7261
52.2684
1550117177731
1537.15
88.0041
105.247
179.972
179.972
171.308
158.187
54.2831
54.1803
1550117177839
1617.88
117.207
97.7666
180
180
175.086
166.638
52.1418
51.8741
1550117177908
1582.49
84.3265
74.9889
180
180
168.751
150.351
52.1482
51.7461
1550117177975
1640.5
126.11
101.605
180
179.98
143.199
129.049
52.7913
52.0744
1550117178107
1604.5
93.1158
83.1099
180
180
153.273
134.529
52.6057
52.0912
1550117178139
1609.08
141.077
115.743
179.98
180
166.819
162.206
52.2494
51.8688
1550117178199
1532.18
111.785
111.44
180
179.98
166.029
163.633
52.3994
52.8159
1550117178236
1529.64
104.101
99.794
180
179.98
161.422
158.437
52.6601
53.063
1550117178271
1577.16
121.371
98.3288
179.98
179.98
160.653
147.329
52.6081
51.7623
1550117178311
1599.54
121.504
101.625
180
180
161.676
148.488
52.4658
51.6988
1550117178371
1621.37
146.49
113.192
180
180
174.017
163.818
52.6388
51.7319
1550117178446
1544.55
117.273
123.01
180
180
169.077
162.722
52.6577
52.5253
1550117178534
1575.12
129.227
99.1478
179.98
179.98
164.871
155.671
53.1277
52.5055
1550117178607
1561.22
136.323
110.953
180
180
158.566
147.516
53.1706
52.4534
1550117178629
1501.33
96.8014
83.4639
179.98
179.98
163.526
157.252
54.0477
53.5083
1550117178667
1506.23
100.42
83.6916
180
180
162.527
155.16
53.7441
53.618
1550117178701
1512.05
116.445
102.652
180
179.98
159.11
155.021
53.5876
53.3857
1550117178734
1514.17
108.543
89.9759
180
180
156.869
139.026
53.4698
52.7148
1550117178801
1492.71
100.856
88.2775
179.98
179.98
161.244
151.221
53.7099
53.2995
1550117178839
1476.07
131.28
106.831
179.966
179.966
143.868
132.142
54.3946
53.625
1550117178949
1433.92
114.505
103.076
179.98
179.98
147.141
132.495
54.4263
53.8196
1550117179044
1418.72
162.119
154.15
179.98
180
149
150.545
54.6318
54.1589
1550117179131
1408.01
155.149
148.593
180
180
150.354
154.522
54.6987
54.2693
1550117179151
1403.49
126.96
115.5
180
180
142.125
130.333
54.8704
54.3697
1550117179205
1425.43
113.566
96.2703
180
180
152.544
137.2
54.5891
53.9122
1550117179238
1426.47
127.721
107.87
180
180
150.371
137.659
54.6488
53.9663
1550117179272
1413.85
154.164
137.445
179.98
179.98
148.471
143.834
54.8197
54.2238
1550117179306
1400.12
162.298
153.658
180
180
147.331
148.962
54.9984
54.4709
1550117179339
1382.48
128.678
122.76
180
180
140.03
129.735
55.1256
54.7297
1550117179405
1395.96
144.339
132.137
179.98
179.98
140.741
133.496
55.0923
54.5859
1550117179466
1389.88
128.082
116.914
180
180
142.071
130.889
55.081
54.6097
1550117179556
1385.63
123.174
114.1
180
179.98
142.72
130.655
55.0424
54.6138
1550117179664
1397.22
129.953
119.955
180
180
145.071
133.575
54.9304
54.459
1550117179854
1395.57
125.729
113.632
179.98
179.98
143.896
131.801
55.0331
54.5227
1550117179927
1395.83
132.03
121.102
179.98
179.98
141.876
131.534
54.9752
54.5074
1550117179967
1401.94
118.924
106.599
180
180
150.791
136.704
54.8251
54.2742
1550117179998
1425.41
146.182
118.648
180
180
152.923
144.636
54.7916
54.0166
1550117180022
1399.8
110.662
97.1742
180
179.98
149.581
133.895
54.8969
54.3373
1550117180049
1423.64
119.24
97.2442
179.98
180
152.386
138.209
54.6717
53.9351
1550117180133
1399.42
159.666
152.888
179.98
179.98
150.185
152.02
54.9011
54.3414
1550117180279
1418.69
116.014
95.5656
179.98
180
162.571
150.005
54.5867
53.9467
1550117180351
1426.48
162.113
135.205
179.98
180
175.382
169.51
54.0875
53.537
1550117180429
1430.63
128.915
103.067
180
179.98
167.659
156.48
54.3392
53.6315
1550117180491
1385.18
152.836
144.716
180
180
137.456
131.814
55.1582
54.7264
1550117180543
1422.61
149.101
129.735
180
180
147.325
138.222
54.8342
54.091
1550117180583
1397.91
127.964
117.07
180
179.98
144.852
133.174
54.827
54.3557
1550117180605
1393.16
160.334
149.754
180
179.98
143.078
139.548
54.9028
54.4666
1550117180629
1390.84
141.515
136.963
179.98
179.98
149.736
158.695
54.985
54.5481
1550117180679
1392.65
162.704
153.143
179.98
179.98
145.423
147.095
55.0394
54.5495
1550117180705
1394.02
163.506
151.677
179.98
179.98
143.309
141.25
55.0138
54.5267
1550117180733
1390.72
127.818
117.886
179.98
179.98
142.901
131.512
54.9957
54.5653
1550117180768
1394.86
132.985
122.685
179.98
179.98
146.799
135.645
54.9723
54.4426
1550117180800
1409.27
127.063
110.76
179.98
179.98
165.543
153.814
54.5101
53.9598
1550117180833
1423.05
135.246
113.222
179.98
179.98
164.875
154.442
54.4664
53.7673
1550117180866
1418.96
118.107
97.2839
179.98
179.98
154.86
141.215
54.5192
53.8537
1550117180899
1424.56
115.841
97.7134
179.98
179.98
156.455
141.539
54.2927
53.6876
1550117180933
1402.23
142.208
129.778
179.98
179.98
151.944
144.05
54.4228
53.9419
1550117180967
1400.9
160.693
154.683
179.98
179.98
149.317
151.631
54.7714
54.2296
1550117181000
1385.04
146.747
141.332
179.98
179.98
147.087
153.983
55.0947
54.6734
1550117181033
1384.4
147.411
138.392
179.98
179.98
138.672
132.23
55.2027
54.7804
1550117181066
1383.84
138.872
129.448
179.98
179.98
139.256
130.581
55.1871
54.7269
1550117181100
1388.24
146.805
134.033
179.98
179.98
140.301
133.465
55.172
54.6498
1550117181134
1378.53
157.127
147.145
179.98
179.98
143.046
139.328
55.1051
54.6938
1550117181182
1394.46
162.347
149.063
179.98
179.98
145.597
143.217
54.9436
54.4038
1550117181206
1391.57
152.269
138.726
179.98
179.98
143.89
138.692
54.9611
54.4491
1550117181233
1412.47
114.301
99.2747
179.98
179.98
151.882
136.536
54.573
53.974
1550117181266
1415.52
117.263
101.25
179.98
179.98
151.958
137.133
54.5536
53.9365
1550117181300
1406.56
116.001
101.536
179.98
179.98
151.222
137.294
54.6374
54.0745
1550117181333
1417.2
117.614
98.2519
179.98
179.98
161.78
149.208
54.4798
53.8729
1550117181366
1403.34
107.97
97.1831
179.98
179.98
151.81
135.821
54.6086
54.1021
1550117181401
1441.48
125.631
99.2426
179.98
179.98
156.964
145.528
54.3308
53.7025
1550117181433
1425.84
143.51
123.336
179.98
179.98
150.529
142.18
54.5231
53.9238
1550117181466
1428.79
138.798
117.947
179.98
179.98
144.584
135.217
54.7163
54.2118
1550117181500
1389.88
136.837
128.721
180
180
139.849
130.179
55.114
54.7312
1550117181534
1404.99
137.917
129.296
179.98
180
151.95
140.433
54.5968
54.1599
1550117181568
1422.93
128.395
122.799
180
180
166.104
156.99
53.8505
53.3473
1550117181633
1405.65
99.9399
109.403
180
179.98
158.695
154.368
54.1588
54.343
1550117181678
1380.82
124.297
116.844
179.98
179.98
147.742
163.011
55.5671
54.9897
1550117181709
1367.22
128.31
121.906
180
180
143.338
156.368
55.5419
55.058
1550117181735
1427.98
151.552
127.27
180
180
138.575
132.59
55.379
54.7013
1550117181849
1422.56
137.132
116.284
179.98
180
139.799
132.906
55.4147
55.1243
1550117181912
1421.18
74.2533
78.3442
180
180
168.365
148.532
54.0256
53.3408
1550117182011
1447.27
101.846
107.327
180
179.98
173.637
164.722
53.8663
53.3946
1550117182066
1465.79
113.384
119.374
179.98
179.98
170.611
166.96
53.7496
53.3461
1550117182102
1429.07
95.5964
92.1031
179.98
179.966
147.101
144.814
54.6008
54.7682
1550117182134
1443.06
105.032
116.825
179.98
179.98
143.564
151.184
54.9569
55.2731
1550117182189
1514.09
152.362
171.923
179.98
180
164.384
168.273
51.4044
52.2076
1550117182266
1521.67
146.757
172.705
180
180
170.368
164.639
50.4758
51.455
1550117182300
1523.84
148.21
174.879
179.966
179.966
175.279
177.18
50.2668
52.2646
1550117182334
1514.45
129.701
169.492
180
180
177.863
176.6
50.2982
52.2805
1550117182367
1545.05
115.891
160.465
179.98
179.98
173.434
177.662
49.7407
51.6338
1550117182432
1544.13
116.887
162.49
179.98
179.98
167.476
175.258
49.6605
51.6772
1550117182499
1548.68
130.045
166.96
180
179.98
165.967
172.509
49.5776
51.3762
1550117182566
1563.28
141.894
166.244
180
180
171.214
176.725
49.739
50.902
1550117182640
1540.65
119.914
128.816
180
180
170.603
169.074
51.6396
51.2997
1550117182715
1501.09
97.9811
83.7622
180
179.98
169.174
157.972
52.4975
51.6504
1550117182768
1449.65
78.2911
88.0029
179.98
180
171.939
160.21
53.5668
53.0113
1550117182833
1456.54
86.2391
91.6186
179.972
179.972
173.478
168.637
53.6439
52.7698
1550117182867
1465.83
104.353
93.0951
180
179.972
173.915
179.008
53.7827
52.4678
1550117182900
1468.94
133.519
96.4283
180
180
168.951
168.79
53.96
52.4382
1550117182934
1462.82
167.719
100.83
180
180
163.647
158.802
54.1572
52.4017
1550117182968
1395.81
165.903
117.696
179.972
180
158.456
151.557
54.1236
52.3913
1550117183067
1298.73
175.611
115.463
179.972
179.972
169.918
169.833
54.9811
53.2895
1550117183240
1282.84
148.116
117.863
180
180
168.86
168.682
54.9596
53.2822
1550117183269
1264.21
133.834
124.329
180
180
162.777
163.521
54.8459
53.6248
1550117183293
1291.47
156.725
115.785
179.972
179.972
164.995
162.146
54.8885
53.072
1550117183317
1270.17
119.147
128.946
180
180
170.865
173.968
54.6721
53.7677
1550117183341
1284.49
109.591
138.003
180
180
175.868
174.414
54.4566
54.1277
1550117183370
1277.37
105.989
138.628
179.972
180
178.372
169.137
54.6177
54.5375
1550117183404
1271.67
108.824
134.422
180
179.972
174.309
167.429
55.213
54.7998
1550117183438
1277.21
105.985
135.098
180
180
170.138
162.805
55.3315
54.9544
1550117183474
1284.57
107.768
127.993
180
180
170.088
165.168
55.6161
55.196
1550117183507
1302.1
88.1521
108.391
180
179.972
166.219
151.877
55.5377
54.8321
1550117183540
1332.42
79.2516
97.3856
180
180
169.872
154.905
55.4259
54.7876
1550117183573
1246.39
152.898
166.968
180
180
142.946
141.2
54.8177
55.2032
1550117183805
1234.69
102.934
122.007
179.972
179.972
156.414
150.826
53.7682
54.322
1550117183842
1302.64
95.7399
145.094
179.972
179.972
160.678
168.993
51.3641
53.3003
1550117183875
1268.2
106.155
132.385
180
180
147.195
157.638
51.9883
52.7272
1550117183941
1262.53
111.794
109.334
180
180
155.06
142.731
50.5191
49.6766
1550117184055
1348.07
139.33
137.231
180
180
127.203
118.502
48.6765
47.7295
1550117184312
1450.57
96.8659
103.473
180
180
133.97
117.774
48.3707
47.9586
1550117184378
1013.3
116.807
124.644
179.98
180
147.897
134.878
53.7364
53.419
1550117184623
1114.5
105.653
114.218
179.98
179.98
148.942
134.916
52.3723
52.079
1550117184787
1230.79
100.119
105.279
179.972
180
147.899
127.457
50.7721
50.3893
1550117184929
1221.02
126.037
110.111
179.972
180
165.784
162.611
53.3416
52.5687
1550117185223
1298.81
106.343
125.138
180
180
167.778
176.389
50.635
50.8012
1550117185446
1175.41
128.009
134.711
179.972
179.972
169.769
168.755
52.569
52.1957
1550117185513
1238.02
107.703
116.324
180
179.98
171.032
175.623
50.6751
49.7527
1550117185672
1268.78
117.444
127.927
180
180
139.489
143.481
50.8497
50.0697
1550117185739
1177.82
106.536
96.9947
180
180
157.677
146.963
51.1742
51.0059
1550117185822
1264.02
156.431
149.306
180
180
169.9
163.967
49.4551
49.3322
1550117185870
1662.58
106.429
85.8437
180
180
144.436
131.135
46.0879
45.5363
1550117186087
1475.23
87.1251
74.7718
180
179.966
159.774
150.36
49.3035
48.3173
1550117186209
1488.86
90.5871
82.8151
179.98
180
160.555
151.488
48.8205
48.8398
1550117186257
1500.06
93.7035
85.2173
180
180
161.305
157.082
48.01
47.4272
1550117186369
1511.06
87.5739
99.3485
180
180
162.22
154.395
47.849
47.9083
1550117186403
1495.05
81.9529
74.8073
180
180
165.782
158.949
47.9876
47.6472
1550117186468
1481.3
72.6928
74.9598
180
180
166.935
162.479
47.8568
47.2174
1550117186504
1469.33
68.3525
71.5279
180
179.98
167.283
164.673
47.6593
46.9258
1550117186538
1464.04
69.3224
72.5265
180
180
167.288
162.297
47.6105
47.1892
1550117186571
1470.33
82.8433
74.9338
180
180
167.163
156.489
47.4894
47.3093
1550117186635
1434.93
71.3479
70.6733
179.972
180
167.397
154.973
47.2975
48.1791
1550117186669
1439.47
83.9772
74.7924
180
180
166.106
148.13
47.556
47.7138
1550117186787
1433.44
97.3164
82.4644
180
180
168.321
151.493
47.9055
47.3276
1550117186880
1424.97
103.019
85.344
180
180
167.941
152.217
48.3019
47.5097
1550117186905
958.825
167.36
168.163
180
180
135.541
140.881
58.4876
58.2279
1550117187216
908.981
164.703
165.553
179.98
180
142.672
149.565
59.5103
59.2131
1550117187516
1135.52
138.148
135.989
179.98
179.98
154.06
143.921
54.0188
53.4487
1550117187643
1162.09
166.484
150.1
179.98
179.98
147.507
152.981
51.6576
51.0335
1550117187682
1132.77
168.135
162.448
180
179.98
127.471
133.312
51.5778
51.7372
1550117187718
1157.58
163.795
147.147
179.98
179.98
149.041
154.416
52.09
51.2618
1550117187810
1180.72
152.454
140.359
180
179.98
152.551
144.141
54.325
53.4964
1550117187906
1234.76
134.238
133.143
180
180
157.565
149.67
50.5703
50.0402
1550117188123
1115.07
130.565
121.131
179.98
179.98
160.443
153.419
52.8504
52.075
1550117188231
1138.89
147.301
137.238
180
180
162.619
157.52
52.5322
51.7953
1550117188255
1201.35
157.863
130.692
180
180
157.924
160.059
51.2159
50.1753
1550117188309
1225.66
167.385
141.532
180
179.98
149.925
151.457
50.6696
49.759
1550117188343
1239.68
159.973
125.905
180
180
155.15
154.117
50.4992
49.5311
1550117188393
1073.46
121.31
131.248
180
180
158.64
147.432
54.2438
53.9753
1550117188727
1131.04
152.03
159.678
180
180
153.772
154.888
52.126
52.3646
1550117188807
1136.72
144.541
159.832
180
180
154.274
154.418
51.733
53.0973
1550117188852
1130.79
139.468
156.342
180
180
158.209
156.401
52.012
52.9382
1550117188904
1131.61
134.331
155.97
180
179.98
160.675
158.655
51.6574
52.9038
1550117188928
1142.32
166.34
146.815
179.98
179.98
164.871
168.393
51.89
50.8271
1550117188953
1123
123.102
145.681
180
180
165.285
161.183
52.1029
52.7295
1550117188983
1130.49
115.111
153.339
179.98
179.98
165.369
161.6
51.4686
53.0888
1550117189016
1132.32
156.578
138.121
180
180
167.85
170.255
52.0243
51.4369
1550117189093
1111.45
117.492
135.61
179.98
179.98
169.985
167.234
52.1185
52.9482
1550117189155
1183.4
93.1082
97.3508
180
180
162.577
150.367
51.8272
51.5229
1550117189262
1205.48
130.586
100.071
180
180
164.287
159.411
51.7662
50.723
1550117189355
1207.16
129.331
95.0153
180
180
171.797
166.485
51.6565
50.5921
1550117189420
1174.79
177.116
149.16
179.98
180
153.715
157.145
51.4902
50.9187
1550117189531
1187.54
175.581
155.484
180
179.966
147.693
151.153
51.1334
50.5976
1550117189602
1184.8
172.113
144.133
179.98
180
151.257
151.796
51.5145
50.6399
1550117189646
1153.82
136.84
101.001
180
180
166.092
163.528
52.2306
51.2007
1550117189691
1150.57
142.735
103.706
179.98
179.98
166.038
164.399
52.2257
51.1077
1550117189758
1153.95
158.272
110.41
180
180
165.668
165.173
52.0237
50.9037
1550117189794
1155.88
169.613
124.66
179.98
179.98
165.354
166.743
51.5858
50.6789
1550117189832
1207.3
113.986
118.293
180
180
155.538
145.663
50.6801
50.5765
1550117190001
1160.32
109.987
113.765
180
180
161.372
148.498
52.6252
52.2658
1550117190424
1176.61
93.1417
100.556
180
180
160.299
145.568
51.8519
51.6734
1550117190504
1210.14
120.787
94.1915
179.98
179.98
163.162
158.688
51.3941
50.442
1550117190539
1194.42
114.429
85.4286
179.98
179.98
159.565
154.982
52.1273
50.9915
1550117190572
1182.07
110.137
83.2655
179.98
179.98
159.018
153.054
52.206
51.1025
1550117190605
1206.26
88.8325
77.2859
180
179.98
165.769
148.378
51.8873
50.915
1550117190827
