1472.07
153.81
139.079
137.36
180
169.462
142.383
56.8001
45.4266
1550116968817
1444.98
162.658
121.429
132.329
179.972
169.741
139.599
57.5794
42.1964
1550116968947
1447.04
162.633
122.27
133.193
179.972
169.31
140.14
57.545
41.4239
1550116968987
1449.24
161.809
123.643
133.428
179.966
168.954
140.4
57.4964
42.2659
1550116969038
1449.52
160.257
124.346
135.114
180
168.174
141.132
57.4985
44.6429
1550116969085
1449.19
159.596
124.467
135.741
179.972
167.964
141.306
57.5027
45.5257
1550116969113
1450.72
159.953
126.064
134.935
179.966
167.967
141.023
57.4485
43.7453
1550116969136
1457.95
161.524
131.005
135.917
179.972
168.629
139.641
57.255
43.3738
1550116969229
1462.36
162.126
133.691
136.826
179.972
168.986
138.983
57.156
44.1394
1550116969265
1464.65
162.431
134.595
137.221
179.966
169.124
138.81
57.1138
44.278
1550116969298
1465.94
162.611
133.498
137.365
179.972
169.308
138.91
57.0886
44.3509
1550116969374
1464.48
162.724
131.628
138.081
180
169.398
139.082
57.103
45.3459
1550116969442
1452.24
166.073
124.803
139.545
179.966
168.973
139.374
57.1648
46.9896
1550116969514
1431.34
171.622
111.364
140.091
180
168.303
138.915
57.4111
46.3338
1550116969565
1417.71
169.057
102.32
139.404
179.972
167.888
138.527
57.5693
46.0172
1550116969596
1470.59
130.554
129.059
131.756
180
165.612
145.837
56.0848
45.6889
1550116969635
1476.42
100.591
137.148
131.172
179.972
164.2
153.182
55.7511
48.2913
1550116969666
1412.22
164.573
109.789
150.482
179.972
161.863
148.861
56.9012
46.2936
1550116969730
1405.97
168.5
104.767
162.626
180
161.265
149.976
57.2158
50.4613
1550116969795
1408.93
174.276
105.206
176.702
180
161.429
149.239
57.2131
57.0926
1550116969842
1403.39
168.759
110.416
173.941
179.966
159.564
140.015
57.5926
61.8708
1550116969919
1385.61
164.609
104.465
174.776
180
159.037
136.661
57.7047
61.5265
1550116969947
1387.47
160.615
105.002
165.16
179.972
159.743
134.006
55.9531
65.8306
1550116970029
1361.79
151.569
89.1811
75.9012
179.972
160.582
128.564
56.4461
70.1676
1550116970098
1330.01
154.691
74.93
87.983
179.972
160.897
124.592
57.6764
68.569
1550116970132
1356.07
163.047
82.0915
75.3598
179.972
161.003
131.58
55.0712
70.5654
1550116970174
1360.47
161.752
82.8624
82.9093
179.972
161.671
136.914
54.5089
68.685
1550116970230
1326.01
164.616
65.8416
82.015
180
163.214
130.253
55.0246
68.6052
1550116970264
1360.33
160.871
79.1689
81.7339
179.972
164.971
126.56
54.0435
68.5432
1550116970297
1318.39
160.295
56.3728
81.9393
180
165.856
120.575
54.4775
68.5359
1550116970331
1366.6
165.202
80.9635
71.2493
180
165.648
124.673
52.6993
69.2145
1550116970398
1434.73
138.615
123.986
59.6549
179.966
165.617
133.331
51.0343
69.8497
1550116970463
1447.92
121.602
130.951
55.4802
180
165.837
136.919
50.8399
69.9675
1550116970497
1375.79
109.248
100.089
63.9517
180
165.87
142.146
52.1841
67.5995
1550116970617
1386.85
159.761
120.236
180
179.972
162.157
158.916
50.9266
49.277
1550116970738
1387.79
67.0121
62.9549
179.98
179.98
151.501
153.101
48.7572
47.5234
1550116970899
1415.07
101.086
74.5598
180
180
143.48
147.055
48.5293
47.4101
1550116970923
1453.9
68.1213
132.869
180
180
144.337
145.332
45.9473
47.726
1550116970945
1548.96
92.3306
98.3832
180
180
142.637
114.092
46.934
47.0697
1550116971319
1623.59
72.0768
97.6856
180
180
156.528
139.451
44.89
46.0499
1550116971444
1625.28
83.298
74.2659
180
180
153.395
127.164
44.5501
44.1405
1550116971471
1671.55
143.112
102.09
180
180
137.404
140.928
43.9711
43.1402
1550116971503
1679.04
137.111
106.568
180
180
142.268
146.005
43.4449
43.1414
1550116971537
1646.04
132.272
90.8041
180
180
148.617
148.715
43.3037
42.5014
1550116971570
1583.99
78.2072
55.1098
180
180
153.039
144.006
44.2061
43.1585
1550116971604
1313.49
138.067
148.71
180
180
125.17
142.236
52.4239
52.647
1550116971726
1361.07
143.111
159.23
180
180
127.842
141.725
50.3926
49.5886
1550116971816
1169.75
126.628
143.948
179.98
179.98
126.956
152.673
54.5663
55.6897
1550116971882
1263.67
124.061
145.847
180
180
123.727
146.696
50.9014
52.2383
1550116972008
1631.84
93.0006
88.0077
180
180
156.808
133.234
45.4886
46.2484
1550116972296
1585.09
100.692
94.892
180
180
145.931
119.425
45.6448
45.7567
1550116972478
1189.09
112.178
138.757
179.972
180
170.435
162.51
52.6742
53.2729
1550116972725
1276.39
150.599
157.533
179.98
179.98
167.16
164.335
51.252
51.2057
1550116972802
1172.95
114.371
104.29
180
180
167.265
161.831
51.6842
51.033
1550116972893
1205.31
166.651
168.096
180
180
160.072
162.138
51.0423
51.5125
1550116972953
1141.72
113.721
114.249
180
180
150.142
169.855
51.3168
51.0513
1550116972990
1193.63
111.027
102.884
180
180
150.505
148.364
52.0688
53.4456
1550116973017
1290.92
149.918
141.49
180
180
147.348
145.851
52.2592
52.0546
1550116973064
1284.35
121.037
86.8335
180
179.972
156.716
142.47
51.3725
50.8992
1550116973097
1386.19
137.9
117.404
180
180
157.863
174.605
48.6854
49.9992
1550116973164
1377.11
123.421
157.154
179.972
180
133.54
148.879
49.7802
51.2907
1550116973502
1390.87
110.131
164.926
180
180
161.354
156.003
46.7167
48.374
1550116973564
1400.35
172.135
145.401
180
180
156.335
151.49
48.2486
46.5691
1550116973599
1403.4
172.919
152.096
180
180
150.786
147.595
48.2969
47.4822
1550116973631
1384.62
172.061
162.56
180
180
166.951
164.689
48.3054
48.7264
1550116973698
1374.67
136.129
166.91
180
180
125.465
138.741
49.7526
50.9115
1550116973765
1374.68
141.496
140.7
180
180
119.772
137.734
50.7686
50.5175
1550116973845
1390.57
134.971
134.142
180
180
124.854
144.223
50.4601
50.1105
1550116973925
1360.02
119.872
141.55
179.972
179.972
126.426
148.778
50.0379
50.9616
1550116974006
1328.8
120.576
146.861
180
180
121.323
143.53
50.307
51.7704
1550116974034
1342.86
129.683
152.592
180
180
120.43
138.888
50.3021
51.3146
1550116974068
1334.84
122.412
151.894
179.972
180
141.961
146.087
48.6127
49.8697
1550116974142
1313.94
129.865
153.709
179.972
180
139.646
143.943
48.8968
50.0101
1550116974212
1293.38
115.292
136.573
180
180
124.804
151.601
50.7381
52.6513
1550116974278
1344.37
125.982
134.924
179.972
180
123.313
148.059
51.0692
51.7457
1550116974330
1332.97
138.597
140.189
180
180
123.608
141.495
50.9505
50.8932
1550116974366
1348.5
124.014
129.469
180
180
129.121
154.179
51.1618
51.0384
1550116974399
1316.68
118.949
146.156
180
180
126.186
148.159
50.7985
52.3732
1550116974438
1347.81
138.92
153.707
180
180
122.444
138.563
50.5129
50.8695
1550116974525
1341.34
130.375
157.888
180
180
140.182
151.451
49.6075
50.3694
1550116974567
1346.21
171.916
164.948
180
180
141.116
139.807
49.373
48.7908
1550116974599
1313.47
121.4
127.197
180
180
140.566
165.64
50.1922
50.4853
1550116974698
1247.76
107.013
122.378
180
180
155.675
170.725
49.9583
51.7142
1550116974733
1319.9
149.835
152.953
179.98
180
166.119
175.099
49.4036
48.7583
1550116974767
1303.62
115.188
122.576
179.98
180
161.611
166.724
50.2725
50.4556
1550116974800
1283.3
116.518
121.677
179.98
179.98
160.313
172.203
50.5365
50.5224
1550116974834
1258.02
119.294
123.439
179.98
179.98
168.283
157.546
51.0547
51.0055
1550116974932
1285.71
139.697
161.273
179.98
179.98
132.502
144.961
51.4103
51.1511
1550116975004
1265.16
138.238
152.392
180
180
122.461
139.251
52.6844
52.8956
1550116975065
1241.64
137.22
159.497
179.98
179.98
124.165
139.491
51.9112
52.0604
1550116975132
1261.78
150.351
162.236
180
180
123.704
134.493
52.3981
51.5993
1550116975167
1261.35
150.045
164.796
180
180
124.477
134.2
52.9249
51.6006
1550116975200
1247.59
155.024
155.407
180
179.98
134.35
136.724
52.4283
51.5518
1550116975234
1223.69
135.981
156.258
179.98
180
136.078
146.361
52.4077
52.7962
1550116975307
1214.28
130.966
166.532
180
180
126.862
139.479
52.5076
53.6345
1550116975366
1190.91
127.713
148.334
180
179.98
118.806
140.198
53.4259
54.8648
1550116975410
1183.14
128.707
147.905
180
180
121.42
141.807
53.529
55.0176
1550116975471
1167.38
128.587
142.164
179.972
179.972
122.566
144.2
54.242
55.6171
1550116975536
1164.7
131.13
152.503
180
180
123.741
141.59
53.9159
55.6769
1550116975562
1122.15
130.805
153.546
180
180
121.952
140.22
54.1792
55.9075
1550116975605
1142.42
128.543
142.589
179.98
179.98
120.572
143.19
54.9818
56.3246
1550116975637
1132.9
128.71
146.517
180
180
120.401
141.87
54.6836
56.2315
1550116975671
1025.16
126.645
128.284
180
180
121.893
147.465
57.3793
57.3876
1550116975770
1573.83
105.646
131.072
180
180
130.766
118.203
44.5507
45.866
1550116975878
1096.69
170.992
173.986
179.98
179.98
128.836
129.788
52.7946
54.073
1550116976038
1045.15
140.637
154.532
180
180
153.551
148.468
53.3278
53.6079
1550116976257
1352.32
83.1385
95.3118
179.98
179.98
157.632
142.681
47.1298
46.9733
1550116976601
1431.36
109.857
110.785
180
179.98
159.557
152.282
47.3171
46.9802
1550116976681
1393.84
132.351
132.502
180
180
147.667
137.372
46.0438
45.8352
1550116976779
1401.79
112.892
112.221
180
180
139.408
122.565
45.1703
44.9573
1550116976821
1442.94
83.6097
83.8807
180
180
151.388
134.675
43.9136
43.7089
1550116976862
1365.1
91.5781
98.8519
180
180
144.212
127.021
45.7351
45.18
1550116977082
1362.63
99.4276
105.586
179.972
179.972
141.414
121.97
45.7536
46.1606
1550116977115
1333.66
102.394
107.91
179.972
179.972
137.196
118.056
46.0089
46.221
1550116977149
1300.19
105.138
107.285
180
180
133.301
116.29
46.0062
45.8496
1550116977182
1308.95
105.229
107.165
180
180
131.924
113.553
45.8806
45.726
1550116977216
1488.5
58.7256
61.8528
180
180
155.793
130.25
43.1335
42.9477
1550116977349
1503.03
60.5929
61.734
180
180
161.725
137.975
41.9604
41.7869
1550116977416
1180.87
145.301
170.262
180
179.98
135.131
131.568
51.7277
51.0972
1550116977534
1149.55
139.134
146.094
180
180
144.193
138.305
51.9259
51.0427
1550116977588
1128.34
175.073
171.266
180
180
147.531
146.199
50.7651
50.5564
1550116977613
1127.92
128.442
131.546
180
180
148.34
141.61
49.9924
49.9634
1550116977666
1089.54
131.103
134.157
179.98
179.98
148.466
141.495
49.8023
49.8641
1550116977700
1491.77
111.739
112.749
180
180
144.355
126.34
44.2846
43.3902
1550116977817
1417.99
83.6991
87.4297
180
180
149.874
132.251
44.387
44.2462
1550116978109
1414.14
84.4694
88.2043
179.98
179.98
149.622
131.893
44.3626
44.2262
1550116978137
1411.52
86.4193
90.0941
180
180
149.316
131.594
44.3795
44.2571
1550116978170
1406.14
91.4919
95.1868
180
180
148.795
132.209
44.4909
44.3712
1550116978203
1408.28
95.1221
98.489
180
179.98
147.143
130.352
44.4985
44.3783
1550116978267
1411.29
95.2739
98.8154
179.98
179.98
146.877
129.502
44.5067
44.3587
1550116978302
1425.15
96.7299
101.595
180
180
146.412
128.695
44.1691
44.1467
1550116978338
1444.43
76.4577
80.4273
180
180
150.175
129.59
43.4628
43.2928
1550116978458
1546.26
63.9624
65.2894
180
180
171.105
150.731
41.8823
41.7286
1550116978542
1483
133.312
132.292
179.98
179.98
150.916
136.631
41.7969
41.5425
1550116978683
1551.84
73.213
77.2775
180
180
147.924
126.292
41.2936
41.0337
1550116978805
1624.59
122.779
130.526
179.98
180
147.069
136.509
39.5425
40.3371
1550116978907
1580.92
115.532
129.775
180
180
156.35
144.462
39.9197
40.3129
1550116979009
1597.28
130.846
146.027
179.98
179.98
156.192
148.265
39.6117
39.9838
1550116979065
1531.08
92.9125
96.6406
179.98
179.98
162.44
143.399
41.1463
40.9146
1550116979167
1528.68
98.4054
100.882
180
180
143.385
114.887
41.137
40.8976
1550116979200
1525.52
143.275
142.595
180
180
124.982
115.466
40.9349
40.9074
1550116979234
1513.26
117.2
115.87
180
180
143.218
133.964
41.6399
41.3116
1550116979349
1529.92
92.7992
108.354
180
180
160.329
157.274
40.6869
40.69
1550116979443
1604.19
141.478
136.034
180
180
152.905
144.76
39.0476
39.874
1550116979506
1520.79
116.131
114.878
180
180
138.392
125.545
41.47
41.1282
1550116979566
1530.46
101.2
102.619
180
180
138.731
120.819
41.2672
40.9623
1550116979601
1547.27
84.6462
88.9419
179.98
179.98
144.895
127.241
40.7932
40.5657
1550116979674
1551.88
74.1936
78.8404
180
180
148.235
128.871
41.0172
40.7095
1550116979698
1554.37
72.1114
77.8773
180
180
148.323
130.687
40.6257
40.4006
1550116979719
1552.41
70.9931
76.8847
179.98
179.98
149.18
131.809
40.7896
40.5261
1550116979749
1552.15
67.6303
75.2572
180
180
151.34
137.019
40.8443
40.5923
1550116979776
1592.57
155.011
160.258
180
180
111.678
103.547
39.8276
40.6673
1550116979803
1530.04
144.725
144.991
180
180
107.722
96.5708
40.7622
40.5894
1550116979834
1485.36
111.202
114.389
179.98
179.98
163.572
150.657
41.7141
41.4174
1550116979934
1501.88
121.627
125.919
179.98
179.98
160.908
149.988
41.8429
41.4612
1550116979968
1532.92
146.336
154.296
179.98
179.98
136.383
125.864
41.3512
41.676
1550116980002
1510.78
150.385
152.092
180
179.98
114.68
107.993
41.9387
41.8525
1550116980037
1474.29
143.32
141.003
180
180
120.994
114.256
42.2177
41.8678
1550116980071
1479.59
150.338
148.874
180
180
118.527
114.363
41.9837
41.699
1550116980105
1479.83
127.851
130.066
180
180
122.9
105.209
42.341
42.0124
1550116980151
1476.27
103.414
105.959
180
180
145.564
124.03
42.6144
42.2781
1550116980181
1463.38
101.353
104.56
180
180
153.635
137.823
43.1868
42.8342
1550116980208
1465.33
103.709
108.367
180
180
160.169
151.058
43.4795
43.1353
1550116980238
1487.08
108.712
116.429
180
180
162.221
154.678
43.6252
43.4329
1550116980272
1541.97
112.674
126.1
180
180
158.792
149.307
43.0637
43.2883
1550116980305
1618.11
78.5639
105.728
180
180
167.289
143.38
46.2863
49.5809
1550116980856
1278.05
105.654
90.1534
180
180
165.95
153.171
53.2485
53.169
1550116981057
1359.51
87.5487
111.448
180
179.972
175.593
167.779
53.6526
54.3278
1550116981258
1369.65
139.599
116.211
180
180
170.857
171.72
53.2958
53.1991
1550116981332
1646.6
133.296
89.6478
180
180
145.186
134.09
48.9908
48.8562
1550116981459
1637.66
78.9915
87.7241
179.98
179.98
164.019
140.639
49.6168
49.2202
1550116981528
1660.62
88.0412
97.1822
180
180
155.75
131.308
49.7693
49.2097
1550116981605
1628.91
138.789
107.755
180
179.98
142.091
133.946
51.9947
51.3195
1550116981697
1678.13
138.852
97.8077
180
180
145.756
137.506
51.3994
50.166
1550116981759
1386.81
156.877
154.278
179.972
180
145.667
150.465
54.3206
53.8316
1550116982244
1496.33
153.926
128.829
179.98
180
141.111
132.257
52.5933
51.827
1550116982390
1492.87
155.179
132.616
180
179.98
139.271
134.37
52.9366
52.4467
1550116982504
1455.79
133.459
115.82
180
180
141.061
136.605
52.2499
53.5056
1550116982604
1440.12
134.705
127.637
179.98
180
139.478
138.54
53.2374
53.1187
1550116982671
1426.9
130.492
135.358
180
180
138.979
141.02
53.4776
53.2874
1550116982731
1426.91
131.207
127.539
179.98
179.98
138.915
137.828
52.9052
53.3628
1550116982770
1418.61
125.251
130.791
180
179.966
139.138
140.485
53.562
53.5572
1550116982845
1449.66
138.095
123.37
180
180
139.26
137.588
52.6574
52.9305
1550116982919
1435.31
135.735
126.319
180
180
139.782
128.858
52.6805
52.1963
1550116983044
1452.99
138.058
120.782
180
180
139.618
137.817
52.2574
53.0157
1550116983123
1469.39
149.402
129.176
179.98
179.98
140.034
135.159
53.2668
52.7129
1550116983245
1440.67
125.483
127.452
180
180
141.185
140.991
52.6552
53.2635
1550116983340
1461.15
137.452
125.839
180
180
141.355
140.008
53.1819
52.8202
1550116983425
1442.37
134.489
124.557
180
180
140.891
129.529
52.7412
52.2254
1550116983499
1456.72
139.169
126.78
180
180
141.596
136.595
53.2687
53.1756
1550116983564
1431.58
122.135
130.205
180
179.98
141.31
140.728
52.787
53.6201
1550116983591
1425.58
123.137
127.427
180
180
141.383
141.264
52.9308
53.401
1550116983616
1465.85
143.226
125.379
179.98
180
142.941
136.285
52.7279
52.8669
1550116983641
1435.47
123.757
129.832
180
179.98
142.978
143.197
53.1078
53.2924
1550116983670
1467.43
146.434
121.729
180
180
142.847
133.735
53.0869
52.3309
1550116983736
1475.34
148.291
119.701
180
180
143.047
136.576
52.8025
52.5524
1550116983771
1472.92
134.828
124.425
179.98
180
143.901
142.302
53.0086
52.8308
1550116983837
1503.61
148.249
124.336
179.98
179.98
144.665
137.372
53.242
52.558
1550116983903
1521.58
142.204
111.459
179.98
180
146.071
141.777
53.3338
52.9503
1550116983951
1523
140.598
130.328
180
179.98
146.25
144.875
53.2224
52.8995
1550116984001
1474.97
151.118
133.501
180
180
141.934
139.79
53.4488
52.8298
1550116984273
1465.77
150.752
129.435
180
180
141.243
134.479
53.6706
52.913
1550116984306
1422.84
120.697
124.545
179.98
179.98
142.607
144.258
53.919
53.7018
1550116984343
1447.46
123.797
102.022
179.98
180
146.45
144.26
54.226
53.5221
1550116984384
1438.7
106.397
123.09
180
180
146.732
149.453
54.1535
54.1387
1550116984419
1450.04
133.396
104.077
180
180
146.726
137.319
54.5571
53.8106
1550116984451
1411.81
109.79
109.571
180
180
149.254
148.648
54.408
53.9899
1550116984488
1449.65
126.871
111.127
180
180
150.687
147.641
54.3055
53.6254
1550116984520
1426.1
120.782
107.852
180
180
151.151
147.021
54.5737
54.0746
1550116984553
1408.04
105.944
101.273
179.98
179.98
157.765
155.611
54.941
53.9628
1550116984586
1432.23
119.671
117.904
180
180
158.566
156.184
54.3734
53.6715
1550116984618
1504.24
112.958
86.2537
180
180
152.284
139.783
54.7102
53.6964
1550116984714
1363.43
106.029
88.3832
180
180
153.254
148.78
55.8446
54.0922
1550116984795
1377.41
115.328
94.8166
180
180
156.28
150.234
55.5934
54.0865
1550116984823
1340.44
84.7782
88.1367
180
180
157.881
150.408
56.3432
56.3795
1550116984848
1408.4
122.002
102.854
180
180
148.645
137.826
56.3582
55.8984
1550116984908
1525.72
159.2
145.343
180
180
142.852
139.053
55.9872
55.3263
1550116985020
1418.15
137.144
106.428
179.98
179.98
135.34
140.377
59.1672
55.6925
1550116985193
1433.78
144.743
123.242
179.98
179.98
138.1
137.753
57.8754
55.0011
1550116985315
1447.49
152.595
129.719
179.98
179.98
138.334
142.592
57.4763
54.7071
1550116985347
1377.36
146.56
154.389
179.98
179.98
134.752
139.772
55.6843
54.1308
1550116985463
1361.6
162.802
165.414
180
180
127.748
125.545
55.1938
54.496
1550116985590
1402.11
126.928
150.351
179.98
179.98
130.314
136.64
55.4072
55.3061
1550116985638
1437.09
92.8569
131.139
179.98
179.98
151.987
158.157
54.9513
55.475
1550116985693
1474.61
58.0061
72.6601
179.972
179.972
160.45
141.205
52.6948
52.7114
1550116985750
1530.32
78.2692
87.127
180
180
168.807
159.525
52.0959
51.0633
1550116985802
1483.3
60.9978
50.2633
180
180
171.789
161.438
52.2164
51.6062
1550116985828
1492.93
106.535
103.934
180
180
146.925
150.022
54.8356
53.9627
1550116985923
1555.6
150.73
109.122
180
180
142.511
133.691
54.7024
52.4796
1550116985978
1498.38
95.3481
96.742
180
180
163.503
160.709
53.4527
52.6528
1550116986035
1425.99
77.7395
78.3486
180
180
166.1
147.578
54.0028
53.5832
1550116986087
1314.9
69.8043
67.8416
180
180
166.201
142.456
55.0888
54.8361
1550116986135
1450.66
137.806
88.2482
179.972
179.972
154.126
151.989
55.9756
53.614
1550116986261
1190.66
133.386
98.0429
180
180
149.583
136.118
59.1255
56.37
1550116986454
1357.38
94.1699
85.3287
180
180
165.036
144.321
54.4648
54.0943
1550116986561
1465.52
75.9831
68.1358
180
179.98
159.133
143.3
53.8353
53.7241
1550116986689
977.441
151.852
152.573
180
179.98
132.514
145.485
60.0701
59.914
1550116986827
966.564
165.74
166.883
180
180
140.278
146.814
60.1056
59.734
1550116986935
918.277
154.103
154.69
180
180
134.208
146.018
60.8653
60.6957
1550116987049
1555.8
114.004
83.1886
180
180
159.705
150.713
48.7748
47.5384
1550116987213
1530.03
120.043
113.316
179.98
179.98
143.05
131.028
46.799
46.142
1550116987323
1547.21
117.312
123.262
179.98
179.98
141.511
129.522
46.532
46.5252
1550116987348
1539.69
123.523
106.024
180
180
144.773
130.96
48.5023
46.4133
1550116987375
1542.89
116.515
115.406
180
180
148.077
130.81
48.8365
48.1527
1550116987405
1483.23
102.837
101.413
180
180
154.301
138.029
49.7694
49.2674
1550116987507
1497.57
107.125
101.629
180
180
154.888
132.857
50.4006
49.5781
1550116987580
1469.65
108.003
102.129
180
180
152.916
129.897
50.5034
49.7234
1550116987720
1455.6
106.356
97.0029
180
180
156.546
136.262
49.5731
49.4378
1550116987846
1431.96
106.212
99.7778
179.98
179.98
156.773
134.776
50.2736
49.7037
1550116987874
1436.14
108.884
100.591
180
180
154.134
132.95
50.077
49.6296
1550116987900
1453.09
108.789
103.235
180
180
153.895
131.409
49.8229
49.2641
1550116987924
1471.36
108.367
99.2112
180
180
152.593
130.347
49.0699
48.8196
1550116987948
1487.94
107.177
103.387
180
180
152.655
129.124
48.9837
48.3521
1550116987983
1494.1
106.064
102.035
179.98
179.98
153.32
132.728
47.8458
47.7955
1550116988039
1501.93
108.037
113.715
179.98
179.98
152.659
132.782
47.7707
48.02
1550116988108
1465.8
106.529
100.966
180
180
152.893
128.906
49.5131
48.7199
1550116988184
1461.94
106.402
100.717
180
180
153.619
129.385
49.6963
48.8827
1550116988228
1464.23
105.181
100.046
180
180
155.536
131.553
49.5639
48.8008
1550116988252
1449.63
108.79
102.817
180
180
151.436
128.056
50.0027
49.2029
1550116988381
598.955
70.7202
70.7202
179.98
179.98
171.159
87.492
0.0197823
0.0197823
1550116988560
1538.8
109.516
108.949
179.98
179.98
171.378
155.693
50.75
50.4821
1550116988645
1520.13
108.462
100.123
180
180
144.022
121.096
50.2882
49.3546
1550116988714
1457.68
102.067
96.3585
180
179.98
144.734
119.469
51.5994
50.9672
1550116988773
1549.97
96.0978
64.4453
180
180
159.043
158.063
53.5675
49.8969
1550116988827
1534.84
120.848
101.066
180
180
145.429
134.038
53.0457
52.1221
1550116988915
1469.46
115.876
98.6009
180
180
143.937
131.59
53.8094
53.0033
1550116988943
1390.05
120.491
95.9013
180
180
143.63
130.353
54.6572
53.6135
1550116989012
1330.61
110.493
90.2557
180
180
145.91
130.707
55.1779
54.422
1550116989120
1316.72
101.777
76.5801
179.972
179.972
147.605
131.533
55.2676
54.31
1550116989248
1332.63
107.402
95.6615
179.972
179.972
156.89
149.712
54.5204
53.8439
1550116989356
1369.79
147.368
119.398
180
179.972
141.975
131.926
53.5812
52.2273
1550116989449
1359.64
119.896
91.2624
180
180
140.027
125.288
53.8121
52.6137
1550116989511
557.602
70.9489
70.9489
179.972
179.972
165.49
92.8935
0
0
1550116990161
1490.55
112.653
103.242
179.98
179.98
159.009
141.907
51.4766
50.7974
1550116990295
1447.69
113.351
108.445
179.98
180
148.44
129.286
52.2353
51.257
1550116990377
1381.62
85.6413
85.4814
180
179.98
153.885
156.406
51.8971
51.9424
1550116990458
1370.07
90.182
90.0395
180
180
152.358
159.466
52.1392
52.1846
1550116990488
1361.62
98.8478
81.1141
180
179.966
154.35
137.468
52.854
51.804
1550116990520
1366.94
123.098
100.219
180
180
151.892
137.68
52.8737
51.6723
1550116990555
1004.57
134.641
118.373
180
179.966
165.896
153.166
58.2384
57.5099
1550116990652
1476.49
89.4447
75.7957
180
180
146.68
131.478
48.6451
47.8979
1550116990871
1328.75
150.61
110.755
180
180
137.928
127.732
53.2558
51.5473
1550116991000
1425.72
93.6823
76.3885
180
180
150.798
136.156
52.4339
51.6948
1550116991027
1512.59
113.939
103.967
179.98
179.98
139.974
121.359
50.3339
49.8749
1550116991089
1541.65
102.947
93.5291
180
180
156.603
137.908
49.7913
49.6437
1550116991156
1561.27
112.797
102.839
180
180
143.444
126.05
49.5896
48.356
1550116991224
975.415
113.053
107.442
180
180
169.845
155.516
58.1686
57.8574
1550116991273
1094.69
106.666
92.8095
179.98
179.98
164.487
149.101
57.2485
57.0585
1550116991417
1062.3
159.92
153.315
179.98
180
141.577
136.313
57.2487
56.5659
1550116991528
1396.06
126.15
122.283
180
180
167.773
158.935
51.4578
51.148
1550116991781
1502.26
98.2568
72.7626
180
180
151.375
135.962
49.6458
48.0657
1550116991876
1580.66
118.954
118.279
180
180
138.56
121.717
49.0793
48.2097
1550116991907
1310.18
159.226
113.334
179.972
179.972
159.157
152.837
54.0168
52.8492
1550116992119
1246.93
123.523
99.5514
180
180
155.721
142.275
54.5681
53.1722
1550116992191
1108.61
171.005
174.456
179.972
180
140.784
142.273
57.8866
57.0006
1550116992577
1046.88
166.666
168.468
179.972
179.972
133.623
137.345
58.1524
57.834
1550116992609
1138.08
164.008
103
180
180
165.575
156.501
57.7469
55.9633
1550116992708
1183
120.113
88.7266
179.98
179.98
161.644
147.843
55.5417
54.6925
1550116992889
1569.74
87.4504
99.2275
180
180
163.584
158.415
48.5869
48.7827
1550116993058
968.149
133.869
132.997
180
180
150.145
164.135
57.6158
57.4877
1550116993226
1324.14
78.989
75.548
180
179.98
158.136
136.973
52.4359
52.0311
1550116993316
245.482
72.5866
72.5866
180
180
171.017
88.7774
0.0197823
0.0197823
1550116993494
965.927
133.064
116.704
180
180
167.054
155.252
59.2215
59.0687
1550116993615
334.522
72.2222
72.2222
179.966
179.966
164.265
83.7601
0.0279765
0.0279765
1550116993796
714.751
69.3376
69.3376
180
180
149.832
112.695
-nan(ind)
-nan(ind)
1550116993881
790.588
69.219
69.219
180
180
148.695
114.521
-nan(ind)
-nan(ind)
1550116993916
794.404
69.3986
69.3986
180
180
147.93
116.198
-nan(ind)
-nan(ind)
1550116993949
784.375
69.3655
69.3655
180
180
148.135
115.833
-nan(ind)
-nan(ind)
1550116993982
1471.84
69.2427
80.5147
180
180
149.548
130.164
50.1821
-nan(ind)
1550116994016
1609.81
127.392
117.744
180
180
160.692
149.696
48.752
47.657
1550116994622
1372.56
70.4069
71.1306
180
180
160.034
118.818
50.6501
-nan(ind)
1550116994737
323.929
72.2409
72.2409
180
180
168.516
88.3603
0
0
1550116994909
1434.46
70.6045
73.2199
180
180
158.955
118.458
50.5878
-nan(ind)
1550116995241
1357.39
110.11
110.404
179.972
179.972
160.679
146.148
52.4675
51.7359
1550116995694
720.357
70.0307
70.0307
179.98
179.98
148.742
114.65
0.0197823
0.0197823
1550116995759
1415.47
92.0798
74.3274
180
180
153.081
142.652
52.2519
51.2409
1550116996218
1416.54
104.108
76.3683
180
180
152.983
146.512
52.4501
50.9623
1550116996278
1428.6
110.472
81.7342
179.98
179.98
151.894
142.986
52.2264
51.1665
1550116996311
1432.45
111.512
74.9798
179.98
179.98
150.541
144.13
50.8349
50.6637
1550116996378
1359.76
58.796
65.2321
180
180
151.725
144.941
52.7684
51.4258
1550116996413
1221.72
132.254
138.168
179.98
179.98
151.371
154.559
54.8871
55.2603
1550116996629
1509.97
143.97
120.644
179.98
180
144.23
141.096
51.0123
50.7301
1550116997358
1436.99
102.673
99.9203
179.98
180
148.93
150.231
51.5419
51.1366
1550116997432
1476
111.085
111.497
180
180
147.961
150.24
50.8138
50.5545
1550116997498
1642.89
94.098
81.8288
180
180
148.314
142.831
47.5963
47.8808
1550116997577
1597.29
80.1999
74.4021
180
180
175.083
157.006
48.5469
47.0495
1550116997611
1483.86
73.0855
71.9904
180
180
146.033
122.42
48.8631
47.9962
1550116997779
1362.13
80.1615
77.4626
180
180
148.308
131.429
50.412
49.7944
1550116997848
1370.89
86.8337
90.4794
179.98
180
142.118
127.718
50.1091
49.5722
1550116997892
1563.52
102.873
127.853
180
180
165.013
151.766
44.8269
45.3123
1550116998310
1535.93
102.295
112.689
180
180
152.062
132.572
45.564
45.7187
1550116998351
1508.98
88.9459
110.828
180
180
176.222
157.961
46.6546
47.3842
1550116998597
1591.07
55.1935
62.4208
179.98
179.98
151.968
130.028
42.1603
42.3024
1550116998683
1235.53
88.4808
137.331
179.98
179.98
153.001
140.381
49.6104
51.4688
1550116998784
1257.4
83.2742
129.046
179.98
179.98
167.864
156.028
50.5918
51.9541
1550116998815
1275.36
96.6301
160.803
179.98
179.98
172.764
173.939
50.9808
53.0915
1550116998844
1266.45
178.32
161.8
180
180
142.35
140.762
54.1254
53.3192
1550116998874
1226.4
118.36
116.966
180
180
148.325
174.596
55.4901
55.0568
1550116998905
1224.17
116.579
115.076
180
180
159.592
159.947
54.9033
54.6128
1550116998953
1194.15
162.642
157.135
179.98
180
166.52
169.521
50.44
51.0176
1550116998986
1108.78
100.624
102.595
179.98
179.98
139.904
125.048
50.1718
50.3118
1550116999020
1110.42
146.342
148.918
179.98
179.98
122.524
127.532
48.5603
48.5926
1550116999053
1167.76
137.903
146.861
180
180
118.827
125.845
47.5824
47.4465
1550116999087
1137.42
124.626
156.017
180
179.966
163.129
149.718
50.962
52.3764
1550116999300
1106.34
90.5055
102.66
179.98
179.98
160.301
153.939
52.3791
52.5034
1550116999346
1097.66
88.8055
91.7726
180
180
155.073
136.725
51.3568
51.1182
1550116999371
1081.93
146.01
148.111
179.98
180
131.544
124.334
50.6917
50.3882
1550116999423
1079.52
107.648
120.287
179.98
180
141.082
127.507
51.3187
51.7354
1550116999568
1073.86
110.772
114.864
179.98
179.98
142.198
128.768
51.9118
51.1916
1550116999627
1125.05
130.217
153.385
180
180
140.809
132.161
50.3559
50.7091
1550116999674
1125.67
130.518
151.175
180
180
140.61
136.606
50.1472
50.9383
1550116999706
1104.91
118.864
119.743
180
179.98
157.768
158.903
50.6085
50.1761
1550116999739
1073.23
77.6517
72.0588
180
179.98
176.059
164.468
52.4667
51.2516
1550116999810
1069.06
130.604
123.186
179.98
179.98
166.914
171.309
52.2539
50.8959
1550116999836
1084.56
131.12
163.689
180
180
146.597
137.977
51.0754
52.1475
1550116999862
1086.32
131.614
173.817
180
180
147.095
141.717
50.7063
52.1947
1550116999893
1081.04
140.383
164.162
180
180
143.645
138.953
51.0389
51.5561
1550116999926
1078.4
128.223
162.953
179.966
179.966
152.731
144.678
51.5637
52.47
1550116999960
1049.68
165.894
164.463
180
180
170.252
172.067
53.0668
52.051
1550117000027
1039.15
164.669
172.956
179.972
179.972
172.425
174.785
52.7651
52.6515
1550117000061
1060.92
124.157
166.097
180
180
172.026
161.814
52.9639
54.0765
1550117000095
1072.2
91.9426
124.703
180
180
170.051
169.161
52.0539
52.7371
1550117000162
1200.07
104.967
135.216
180
180
146.583
134.54
48.3854
49.0857
1550117000358
1221.3
100.263
133.077
180
180
152.236
141.319
47.8956
48.5642
1550117000385
1224.79
112.73
142.147
179.98
179.98
150.981
143.288
47.8416
48.2658
1550117000414
1186.57
93.7054
105.75
179.98
179.98
148.048
136.285
49.4843
49.5539
1550117000439
1226.82
96.4363
122.871
179.98
179.98
147.1
135.219
47.3984
47.7393
1550117000467
1166.06
68.7907
65.946
179.98
179.98
150.303
158.472
48.2208
47.801
1550117000492
1159.58
79.2736
77.2482
180
180
145.193
139.327
49.0509
48.4468
1550117000548
1238.16
90.0097
105.793
179.98
180
150.057
138.061
47.2589
48.3488
1550117000647
1290.77
99.4664
128.147
180
180
153.441
141.767
46.7559
47.2904
1550117000713
1240.12
94.9389
87.5016
180
180
153.469
137.065
48.5372
47.349
1550117000748
1223.76
87.9278
84.5281
179.98
180
153.164
135.254
48.9043
47.8518
1550117000781
1233.17
90.8984
84.7557
180
179.98
154.082
138.028
48.6907
47.2792
1550117000848
1279.87
120.028
105.308
179.98
179.98
154.073
142.321
47.9257
46.5934
1550117000881
1292.03
151.415
79.366
179.98
180
153.119
144.354
48.7437
45.3577
1550117000990
1269.19
136.114
80.5393
180
179.98
152.543
146.517
48.7469
44.8208
1550117001054
1259.49
121.649
78.2358
180
180
151.369
137.578
48.8698
46.5113
1550117001119
1163.63
97.7735
77.3229
180
180
142.95
118.777
49.1738
47.9896
1550117001223
1137.29
89.5315
79.0931
179.98
179.98
142.34
115.931
49.1788
48.6226
1550117001299
1149.2
93.6056
75.305
179.98
179.98
142.91
117.024
49.2884
48.3475
1550117001380
1112.23
80.7654
75.4984
180
180
143.807
116.359
49.2074
48.771
1550117001415
1139.35
89.9477
77.05
180
180
144.649
119.053
49.2006
48.1696
1550117001480
1165.39
100.006
78.0164
180
180
145.85
122.028
49.3247
47.9478
1550117001514
1157.26
93.1995
73.0383
179.98
180
147.956
123.285
49.4056
48.228
1550117001657
1130.48
89.1857
72.6833
180
180
145.418
117.888
49.9109
48.9611
1550117001728
1123.68
91.4052
74.0321
180
180
143.295
114.571
50.1451
48.9586
1550117001790
1180.16
128.625
78.139
180
179.98
146.326
129.884
49.4259
46.3996
1550117001853
1189.01
137.875
84.5631
180
179.98
149.75
138.28
49.0795
46.1277
1550117001915
1130.89
89.4817
83.8433
180
180
150.94
132.285
49.1214
48.4027
1550117001950
1175.75
112.496
85.5091
180
180
150.872
132.483
49.4088
47.9946
1550117001983
1171.39
133.855
84.3799
180
180
148.64
135.633
49.6062
46.8688
1550117002017
1153.48
111.83
81.7099
179.98
180
148.14
127.749
50.2721
48.6115
1550117002049
1130.52
101.282
82.4079
180
180
148.645
126.954
50.3957
48.9538
1550117002083
1105.38
82.1705
88.46
180
180
148.822
141.261
49.0072
46.8112
1550117002149
1099.02
86.1274
83.1771
180
180
148.403
127.555
49.3165
48.9803
1550117002182
1097.11
77.7663
85.5652
180
180
148.416
127.306
49.2009
49.2505
1550117002216
1161.62
111.213
96.9927
180
180
155.577
141.694
48.8227
47.8562
1550117002248
1093.07
70.919
75.5881
179.98
179.98
155.781
138.365
49.8423
49.784
1550117002281
1088.82
74.123
84.1132
180
180
151.953
131.419
49.8422
49.5761
1550117002315
1062.98
79.035
81.1833
180
180
148.706
128.412
49.7121
49.5377
1550117002382
1075.38
85.2409
88.1185
180
180
154.16
139.863
49.5218
49.3748
1550117002448
1135.33
136.445
82.9444
180
180
158.607
150.372
49.1713
48.6684
1550117002482
1120.09
130.333
104.321
180
179.98
158.661
154.802
48.7086
48.3565
1550117002516
1095.86
102.901
108.825
180
179.98
157.473
145.239
49.8731
49.4522
1550117002550
1085.02
96.669
109.588
180
180
154.409
141.838
49.3422
49.4788
1550117002583
1135.67
143.092
147.414
180
179.98
156.962
151.343
47.8397
48.538
1550117002649
1139.13
135.369
95.0478
180
180
159.62
152.598
49.8297
48.0209
1550117002715
1155.12
123.361
158.003
180
180
158.302
158.615
48.0757
48.809
1550117002798
1145.91
121.144
140.603
179.98
180
155.09
148.732
48.5431
48.8611
1550117002841
1120.58
120.361
131.824
179.98
179.98
150.814
140.837
48.9215
48.756
1550117002894
1138.76
120.636
148.406
180
180
151.851
143.723
48.3066
48.7368
1550117002922
1084.66
105.256
115.735
180
180
156.87
147.319
49.8307
49.7988
1550117002986
1103.86
115.446
132.986
180
180
157.139
149.047
49.4702
49.3418
1550117003020
1081.99
110.271
123.043
179.98
179.98
159.848
155.687
49.9175
50.2196
1550117003053
1111.42
153.144
142.832
179.98
179.98
160.961
159.291
48.6185
48.8762
1550117003087
1115.39
128.485
154.528
180
180
154.613
149.926
48.12
48.4376
1550117003187
1098.2
108.731
133.59
180
179.966
152.626
143.254
48.6746
49.3562
1550117003222
1123.16
143.452
118.155
179.98
179.98
152.494
152.358
48.4698
47.6448
1550117003290
1115.99
96.4607
131.972
179.98
179.98
153.004
143
48.8872
49.8991
1550117003324
1145.95
116.765
164.453
180
180
155.893
149.993
48.0322
49.4592
1550117003490
1131.17
140.621
111.414
180
180
156.147
154.306
48.8485
47.9639
1550117003524
1143.35
157.832
145.374
180
180
155.146
152.731
48.4951
47.446
1550117003591
1130.98
133.384
136.274
180
180
155.967
151.677
48.6363
48.2806
1550117003657
1136.76
141.822
121.421
180
180
156.33
147.411
49.9027
48.6195
1550117003691
1131.85
139.924
113.379
180
180
157.859
158.649
48.747
47.8786
1550117003726
1138.09
145.5
142.748
180
179.98
156.58
150.894
48.5111
48.7345
1550117003758
1137.37
147.072
95.1456
180
180
154.987
151.897
49.2122
48.5205
1550117003791
1101.91
103.951
117.459
179.98
179.98
153.365
141.558
50.0002
49.6524
1550117003825
1138.34
108.26
151.78
180
180
155.214
147.946
48.4281
49.7224
1550117003925
1112.9
124.863
104.725
180
180
155.652
149.929
49.2984
48.7438
1550117003959
1139.49
153.432
105.298
179.98
180
155.296
150.186
49.3251
48.3575
1550117003993
1139.55
146.921
154.335
180
180
154.333
150.543
47.889
48.2279
1550117004026
1089.83
101.557
109.93
179.98
179.98
154.015
142.761
49.7813
49.77
1550117004059
1124.11
137.402
105.495
180
180
153.862
150.553
48.8915
48.4003
1550117004171
1114.18
127.711
123.638
180
179.98
153.936
143.484
49.3692
49.3372
1550117004232
1135.81
136.431
115.82
180
180
158.799
153.64
49.7808
49.2008
1550117004405
1175.97
139.297
124.17
180
180
171.117
167.194
50.7574
49.8471
1550117004509
1179.21
141.606
118.913
180
180
169.238
170.842
51.1924
50.0271
1550117004580
1143.88
140.469
120.379
179.98
180
159.912
165.37
51.8683
51.1644
1550117004858
1148.77
137.334
124.285
180
179.98
162.354
169.448
52.0317
51.4868
1550117004967
1175.03
157.809
117.498
179.98
180
165.298
172.838
51.9773
50.9434
1550117005016
1171.87
153.264
118.223
180
180
165.912
174.014
51.831
50.9351
1550117005040
1163.19
143.101
108.722
180
180
165.742
172.913
52.9342
51.167
1550117005063
1174.32
158.417
108.624
180
180
165.743
171.707
53.1075
51.0787
1550117005092
1166.32
148.584
106.887
180
180
165.463
173.107
53.5168
51.3847
1550117005120
1174.2
152.962
145.689
180
180
164.715
168.088
52.4924
51.4121
1550117005150
1623.65
74.4827
75.2595
180
180
171.131
156.334
48.946
46.8781
1550117005564
1635.13
89.1739
81.3406
180
180
166.535
153.728
47.3879
46.6678
1550117005626
1651.7
104.114
88.5338
179.98
179.98
162.548
148.624
46.3821
45.4478
1550117005691
1660.31
106.476
81.2445
179.98
179.98
155.441
142.724
48.2631
45.4205
1550117005765
1633.56
78.989
82.0188
179.98
179.98
163.537
150.288
48.6124
46.0596
1550117005824
1620.73
66.9186
88.1281
180
179.98
168.194
160.117
47.6264
46.7752
1550117005884
1449.03
55.9349
64.1483
180
179.966
169.747
153.785
51.6466
49.8949
1550117005974
1515.55
74.5209
70.6463
180
180
164.801
161.303
53.9154
51.3759
1550117006163
1449.36
151.645
118.684
82.8718
179.972
160.458
143.179
54.9146
68.4143
1550117006433
1427.3
148.876
114.724
83.0418
180
160.072
143.657
55.6252
68.5736
1550117006520
1415.22
154.124
112.496
85.2241
179.966
159.746
144.302
55.6917
68.7546
1550117006550
1385.86
155.629
101.106
86.074
179.966
159.773
142.939
56.3831
68.9015
1550117006584
1374.2
158.593
97.1711
87.1027
180
161.81
142.3
56.4408
69.0599
1550117006692
1374.44
159.011
96.0722
87.2801
180
162.797
141.657
56.4368
69.0488
1550117006756
1372.49
159.548
93.0634
87.144
180
164.773
139.953
56.4855
69.0647
1550117006816
1368.18
159.801
91.1416
87.2517
180
166.129
139.324
56.4762
69.0458
1550117006896
1365.14
159.611
89.852
87.3304
179.96
166.071
139.338
56.5437
69.023
1550117006968
1354.38
158.826
85.3539
87.4313
179.972
164.983
140.349
56.8002
69.0192
1550117007050
1345.94
157.864
81.4102
87.4429
180
164.704
140.187
56.961
69.0145
1550117007084
1337.89
156.305
77.0446
87.3405
179.96
164.526
139.649
57.0902
69.0045
1550117007117
1339.04
154.859
76.0269
87.2549
180
164.31
139.507
56.9737
68.9849
1550117007152
1337.39
153.608
73.0813
87.2583
179.972
164.177
138.759
56.9265
68.9473
1550117007185
1339.32
152.925
70.9142
86.7369
179.972
164.188
137.753
56.7976
68.8892
1550117007218
1367.39
156.442
70.5207
82.7889
179.966
164.414
136.031
55.9836
68.8532
1550117007328
1379.48
156.918
72.0386
81.5262
179.972
164.617
136.014
55.7408
68.84
1550117007390
1405.26
156.648
77.6383
80.9087
180
164.941
136.858
55.1646
68.8004
1550117007451
1406.52
156.725
76.1498
80.6969
179.972
165.196
136.399
55.1489
68.73
1550117007527
1405.31
157.064
75.0518
80.7362
180
165.213
136.172
55.1835
68.7182
1550117007556
1398.08
156.92
71.2134
81.9856
179.972
165.244
134.93
55.3712
68.7314
1550117007619
1394.55
156.175
69.3587
82.6789
179.972
165.269
134.313
55.4606
68.7213
1550117007653
1392.9
155.291
68.1682
83.2048
179.972
165.289
133.844
55.5098
68.7058
1550117007687
1393.41
154.857
68.3594
83.1522
179.972
165.351
133.544
55.504
68.7187
1550117007721
1400.27
156.898
69.9473
82.3683
179.966
165.698
133.226
55.3969
68.6706
1550117007863
1403.75
157.553
70.4976
82.0942
179.972
165.965
133.383
55.3429
68.6313
1550117007914
1403.47
159.294
70.1548
82.2339
179.972
167.251
132.711
55.3501
68.5197
1550117007999
1411.71
159.618
69.7794
83.2141
179.972
167.795
132.752
55.1195
68.46
1550117008091
1413.38
159.249
69.6266
83.3214
180
167.663
133.127
55.0448
68.4847
1550117008123
1413.02
159.347
69.7812
83.086
179.956
167.534
133.628
54.9226
68.5473
1550117008157
1409.74
159.449
70.0608
82.7514
180
167.408
134.096
54.8317
68.6092
1550117008190
1408.27
159.776
70.4732
82.7203
180
167.208
134.575
54.8334
68.5855
1550117008224
1413.53
161.192
72.3539
82.4653
179.972
166.617
135.751
54.6408
68.5772
1550117008291
1410.02
161.881
72.9454
81.8721
179.966
166.148
135.805
54.7314
68.6415
1550117008325
1400.63
162.435
71.1475
82.1193
180
165.488
135.674
54.9292
68.6263
1550117008358
1386.68
159.288
69.1392
84.6889
179.972
164.149
135.227
55.265
68.7004
1550117008425
1385.95
159.894
72.8935
85.4349
179.966
163
136.626
55.3605
68.7329
1550117008534
1385.65
159.968
74.0235
85.6257
179.972
162.933
137.101
55.3731
68.7675
1550117008566
1382.49
160.076
75.6779
85.9758
180
162.953
137.862
55.4492
68.8438
1550117008595
1379.57
160.104
75.9493
86.2844
179.972
163.029
138.182
55.5177
68.8503
1550117008628
1357.32
161.296
76.0391
86.4833
179.966
163.03
138.884
56.0454
68.8457
1550117008739
1345.72
161.625
80.2708
86.4046
179.966
162.917
140.366
56.3534
68.8781
1550117008839
1345.51
161.529
82.5074
86.5695
180
162.905
141.223
56.3866
68.8527
1550117008901
1333.3
159.805
81.7797
87.1007
179.972
162.846
141.796
56.7027
68.9312
1550117008964
1322.1
158.63
80.4872
88.0873
180
162.551
142.704
56.9237
68.9783
1550117009014
1325.95
155.612
84.8787
89.7625
179.972
162.203
143.814
56.8349
69.1333
1550117009075
1327.62
154.787
87.4245
90.2984
179.972
161.903
144.743
56.8542
69.1712
1550117009101
1328.73
154.973
89.595
90.3086
179.972
161.356
145.977
56.8432
69.1886
1550117009165
1328.69
156.1
90.2613
89.8393
180
161.139
146.563
56.8309
69.1584
1550117009199
1327.1
158.385
90.1763
83.4893
180
161.289
145.991
56.7513
69.3246
1550117009325
1313.89
155.964
84.4868
84.6651
179.972
161.119
144.893
56.7518
68.9114
1550117009385
1311.08
156.306
83.4701
84.7797
179.972
160.956
144.495
56.7547
68.9545
1550117009413
1300.59
156.584
81.1571
84.9384
179.96
160.758
143.443
56.8093
69.0292
1550117009469
1300.09
156.967
81.3754
85.2642
180
160.723
143.596
56.7995
68.9561
1550117009504
1299.6
158.135
81.306
82.7394
179.96
160.834
142.643
56.7933
69.3511
1550117009560
1300.36
166.713
78.7919
80.966
179.972
162.794
141.518
56.7539
69.2992
1550117009618
1299.47
167.441
76.7366
66.4723
179.96
164.355
131.64
56.7488
71.8057
1550117009669
1298.76
168.476
75.6112
67.0773
180
165.093
130.63
56.7577
71.7549
1550117009695
1309.18
157.721
79.8215
67.8457
180
165.095
135.838
56.0813
70.3492
1550117009785
1329.9
149.442
91.4192
80.3899
179.96
164.97
146.143
55.4595
67.9966
1550117009819
1319.05
130.357
89.3327
78.661
179.972
165.273
147.995
55.8482
67.3368
1550117009927
1330.4
135.008
96.6143
77.8703
179.96
165.259
147.161
55.8395
67.4859
1550117010012
1343.47
123.17
109.276
72.0032
180
162.723
150.644
54.6214
67.1047
1550117010082
1328.75
119.313
105.29
69.4415
180
161.695
151.802
54.1753
67.0935
1550117010106
1331.83
114.629
110.791
67.3267
179.972
159.781
152.207
53.7558
66.9375
1550117010143
1337.48
94.9047
117.647
64.8769
180
159.387
157.379
53.0307
66.3769
1550117010166
1392.02
52.7563
147.109
57.9883
180
157.9
172.719
50.2067
64.0078
1550117010218
1431.89
165.865
151.142
179.972
179.972
156.959
151.543
49.1981
48.0866
1550117010251
1426.07
169.196
159.842
179.972
180
154.78
150.375
48.8105
47.6827
1550117010285
1392.41
162.124
162.187
180
180
152.769
147.576
48.574
47.8345
1550117010319
1390.68
176.116
162.185
180
180
148.024
146.952
48.6052
47.2105
1550117010385
1233.82
132.944
140.016
179.972
180
148.08
148.03
47.9324
47.1786
1550117010619
1284.62
121.766
127.167
179.972
179.972
148.378
147.581
48.6662
47.7591
1550117010643
1299.42
137.06
114.878
180
180
147.461
141.607
49.0014
47.9088
1550117010664
1264.07
131.649
109.78
180
179.972
148.358
144.353
48.8192
47.2423
1550117010688
1268.57
104.305
87.742
179.972
180
163.882
156.568
48.0266
46.0704
1550117010929
1081.76
166.978
119.735
179.98
180
152.627
146.832
50.8284
50.0054
1550117011024
975.954
68.331
66.1995
180
180
157.479
96.9303
52.2494
0
1550117011229
811.958
71.4266
132.832
180
180
157.508
94.2211
56.1378
0
1550117011570
883.828
69.8027
95.1087
180
180
164.136
94.0243
54.4801
0
1550117011682
1476.25
110.192
115.523
180
180
150.222
136.899
42.2408
42.2241
1550117011899
1521.14
109.338
113.516
180
180
150.863
136.049
42.084
42.287
1550117011999
1371.99
109.47
110.551
180
180
149.982
135.162
44.14
44.3413
1550117012162
465.414
67.6556
67.6556
180
180
155.45
90.484
0
0
1550117012375
766.572
66.0581
66.0581
179.98
179.98
154.503
108.836
0.0197823
0.0197823
1550117012714
765.861
65.1039
65.1039
180
180
154.302
108.521
0
0
1550117012736
763.565
64.8264
64.8264
180
180
153.185
109.096
0
0
1550117012760
770.277
65.9684
65.9684
180
180
144.776
117.324
-nan(ind)
-nan(ind)
1550117012793
803.395
66.8466
66.8466
180
180
143.035
118.254
0.0197823
0.0197823
1550117012828
1205.45
125.209
165.088
179.98
179.98
155.815
148.168
50.6894
51.7807
1550117013005
1498.95
109.648
114.495
180
180
140.51
120.137
45.418
45.2179
1550117013110
1528
63.9617
81.6882
180
180
161.345
148.541
45.128
45.925
1550117013188
1515.86
58.0677
80.2258
180
180
161.298
146.589
45.8075
46.8575
1550117013238
1526.19
71.5865
91.0172
180
180
150.091
131.7
46.7272
47.4364
1550117013331
1556.26
80.6769
112.179
180
180
143.825
128.152
46.2927
47.1752
1550117013366
1568.5
98.7627
127.446
180
180
138.603
126.608
46.0931
46.4125
1550117013432
1579.66
101.9
137.178
180
180
137.714
128.179
45.5699
45.8874
1550117013467
1612.54
140.087
123.637
180
180
149.473
145.045
46.0868
45.592
1550117013575
1594.93
102.398
117.021
180
180
142.838
133.288
45.0771
44.9829
1550117013681
1516.78
104.878
103.38
180
180
140.464
129.158
45.0397
44.6344
1550117013771
1485.29
102.647
103.585
180
180
140.366
129.178
44.9674
44.6376
1550117013795
1500.8
109.78
109.545
180
180
140.783
130.85
44.6464
44.1961
1550117013836
1529.34
118.084
143.909
179.98
179.98
136.171
128.864
44.2307
44.2987
1550117013869
1540.57
132.676
164.4
180
179.98
133.86
129.23
44.2728
44.2651
1550117013901
1552.03
137.952
160.95
180
180
135.943
132.417
44.1619
44.064
1550117013936
1544.55
137.394
163.589
179.98
180
135.891
132.424
44.4355
44.2797
1550117013970
1543.03
134.759
168.198
179.98
179.98
132.761
128.953
44.4009
44.3918
1550117014003
1530.94
139.857
175.851
180
180
124.689
122.338
44.2949
44.2985
1550117014037
1462.01
148.239
156.891
179.98
180
117.249
124.637
44.4799
44.3038
1550117014137
1493.6
142.644
174.549
180
180
126.9
123.704
44.5671
44.7044
1550117014163
1417.94
150.919
159.308
180
180
117.472
123.76
45.1156
45.1475
1550117014229
1391.81
140.741
145.873
180
180
114.9
127.173
45.2444
45.2258
1550117014255
1371.52
138.421
142.218
180
180
114.306
127.864
45.2757
45.3652
1550117014283
1403
142.003
143.1
179.98
179.98
114.031
129.114
44.7154
44.4319
1550117014308
1381.76
142.473
141.961
180
179.98
113.826
128.228
44.988
44.3966
1550117014336
1317.89
138.01
137.268
180
180
110.651
127.543
45.3311
44.6745
1550117014497
1346.69
137.078
136.279
179.966
179.966
110.145
127.518
45.3916
44.7408
1550117014564
1290.41
140.087
139.508
180
180
111.717
127.243
45.453
44.7434
1550117014622
1284.38
140.693
140.338
180
180
111.749
126.853
45.4161
44.6898
1550117014655
1274.13
139.42
138.686
180
180
109.396
124.579
45.1567
44.3758
1550117014742
1286.01
137.688
136.626
180
180
108.281
123.976
44.6908
43.9513
1550117014788
1336.63
141.678
141.278
180
180
109.944
123.318
43.8227
43.0331
1550117014854
1383
147.454
147.871
179.98
180
112.076
122.118
43.239
42.4075
1550117015000
1411.22
150.981
152.043
179.98
179.98
113.776
122.159
43.049
42.1693
1550117015124
1389.58
155.291
154.413
180
180
113.504
120.628
42.937
43.6252
1550117015172
1381.64
167.168
167.68
180
180
115.875
116.961
43.0226
43.6715
1550117015280
357.398
69.3184
69.3184
180
180
152.207
87.1768
0
0
1550117015356
1591.62
162.798
119.65
180
180
131.565
136.794
42.1803
41.0103
1550117015869
1564.4
102.214
77.4699
180
180
133.796
128.685
42.8789
41.8283
1550117015961
1581.81
123.51
110.698
180
180
126.323
122.471
42.8569
41.6505
1550117016006
1550.57
148.383
116.151
180
180
120.915
113.982
43.4972
41.4787
1550117016052
1527.18
161.994
142.239
180
180
119.941
121.461
42.3828
41.1516
1550117016099
1525.84
151.828
136.609
180
180
122.284
121.969
42.5047
41.3198
1550117016145
1042.95
164.948
169.027
180
180
139.268
135.937
54.5227
54.4396
1550117016324
806.712
167.625
146.928
179.98
179.98
137.187
144.508
56.3293
55.266
1550117016575
1230.43
145.074
120.158
180
180
164.983
141.813
51.8286
51.5116
1550117016801
1152.15
169.089
168.032
180
180
129.209
126.925
56.9912
56.744
1550117016830
1225.86
161.985
162.109
180
180
130.023
134.931
56.1327
56.0152
1550117016861
1329.34
129.968
122.199
180
180
164.787
166.41
50.6772
50.3422
1550117016993
1299.33
171.301
125.619
180
179.98
152.004
157.897
49.6917
48.5485
1550117017072
1287.78
113.347
95.154
180
180
168.238
160.621
51.1979
50.5372
1550117017128
1266.81
112.513
109.887
179.98
179.98
148.179
175.759
48.5778
48.1504
1550117017253
1110.57
137.897
170.651
180
180
122.063
131.337
49.2904
49.1407
1550117017366
1118.24
177.09
172.997
180
179.98
123.892
124.616
49.0176
48.9325
1550117017398
1121.05
145.468
151.349
180
180
124.022
134.023
49.1257
48.9876
1550117017431
1119.2
138.201
145.26
180
180
123.867
137.134
49.0616
48.9032
1550117017465
1129.37
139.147
154.685
179.98
179.98
123.576
135.522
48.8506
48.7335
1550117017499
1118.35
140.259
149.17
179.98
179.98
121.77
135.84
49.1567
49.0001
1550117017598
1091.57
139.169
160.761
180
180
121.026
132.877
49.5803
49.4754
1550117017666
1088.96
140.267
145.095
179.98
180
121.644
136.443
49.8596
49.5911
1550117017706
1031.75
167.143
168.933
179.98
179.98
121.528
123.726
50.4801
50.4546
1550117017766
1092.73
163.86
151.707
180
180
121.064
129.486
49.592
51.0253
1550117017824
1018.89
161.476
162.476
179.98
180
120.506
125.71
51.1056
51.2244
1550117017857
1083.87
157.958
146.128
180
180
119.783
131.367
49.358
51.3939
1550117017883
1079.23
155.113
141.055
180
180
119.475
133.863
49.6171
51.2325
1550117017912
1044.85
154.602
130.64
179.98
180
119.92
138.472
51.2802
50.9013
1550117017940
1027.31
159.631
131.446
180
180
123.28
138.578
51.7065
51.1242
1550117018001
1048.41
152.033
133.18
180
180
127.768
142.423
51.8108
49.8934
1550117018069
1587.59
118.437
131.738
180
180
157.856
147.691
41.375
41.7514
1550117018342
1567.61
116.804
130.873
180
180
158.791
147.59
41.4758
42.0078
1550117018371
1610.81
110.844
129.735
180
180
158.239
145.556
41.6873
42.1604
1550117018446
1394.36
110.194
114.569
180
180
158.251
156.404
43.7952
43.8994
1550117018541
1545.61
118.462
120.43
180
180
164.093
154.029
42.6342
41.4952
1550117018596
1531.69
114.612
109.513
179.98
179.98
161.809
146.404
44.2664
43.0615
1550117018656
1486.97
105.236
109.503
179.98
180
157.732
146.593
41.6928
41.6851
1550117018682
1473.04
109.858
114.704
180
180
154.872
145.127
41.5069
41.6556
1550117018710
1114.83
149.68
149.802
180
180
151.027
150.367
50.8864
50.7303
1550117018886
1127.71
147.297
110.517
179.98
180
163.505
161.95
50.4918
49.3201
1550117018961
1139.84
164.405
143.634
179.98
180
149.322
142.796
51.3137
51.1745
1550117019027
1153.49
168.686
171.85
179.98
180
134.895
136.567
51.1242
50.8965
1550117019067
1244.46
170.649
173.507
180
180
131.666
132.39
50.3666
49.5699
1550117019105
1458.97
133.141
173.301
179.972
180
136.792
142.081
47.6101
47.0863
1550117019160
1552.69
118.892
101.096
179.98
180
147.241
134.718
46.3951
45.7921
1550117019294
1488.75
111.218
89.6806
180
179.98
153.229
131.349
49.3885
47.6592
1550117019391
1455.85
125.368
95.8526
180
180
147.791
132.306
49.9494
46.5584
1550117019425
1448.22
121.655
98.957
180
180
144.767
125.059
50.1914
47.8795
1550117019490
1422.45
109.57
95.099
180
180
147.442
122.243
51.1857
49.1996
1550117019556
1407.89
81.9047
72.4126
180
179.98
161.888
133.575
51.8027
50.3675
1550117019590
1421.61
66.8736
57.157
179.98
179.98
175.694
159.892
52.3508
50.2199
1550117019624
1460.64
88.5725
68.4167
179.98
180
172.092
167.432
52.3243
50.2514
1550117019659
1463.79
105.125
84.4528
179.98
180
167.263
165.493
52.8855
50.6501
1550117019690
1522.2
112.561
81.1571
180
179.98
165.12
162.612
52.7992
50.1512
1550117019725
1557.96
110.154
85.4464
180
180
163.167
159.146
52.1328
50.4506
1550117019758
1607.09
123.173
92.3076
179.98
179.98
160.764
156.998
51.1405
49.2982
1550117019791
1629.22
114.171
83.3732
180
180
159.911
151.768
49.9963
48.8253
1550117019857
1637.78
110.142
75.9445
179.98
180
160.784
153.138
49.5979
47.8652
1550117019891
1608.99
82.8857
66.1937
179.98
179.98
164.259
158.019
49.5988
47.7526
1550117019957
1624.48
80.6345
60.3196
179.98
179.98
171.68
163.894
49.6714
48.7239
1550117020036
1645.16
81.9229
58.881
180
180
176.646
170.394
49.7807
47.82
1550117020087
1626.8
74.0649
52.9623
179.98
179.98
175.234
167.82
49.7671
48.0418
1550117020162
1640.45
74.2759
53.4976
179.98
180
170.19
160.645
49.7925
47.9544
1550117020230
1631.49
68.1572
50.2398
179.98
179.98
171.809
162.671
49.8122
48.2113
1550117020273
1638.15
70.867
49.7521
179.98
179.98
177.409
167.905
49.5576
48.1811
1550117020359
1647.7
77.7187
57.7452
180
180
177.735
166.24
49.4663
48.1266
1550117020390
1651.27
78.8244
60.3964
179.98
179.98
177.273
165.767
49.4789
47.9904
1550117020413
1646.9
78.3985
60.9931
179.98
179.98
176.51
165.548
49.6497
47.7993
1550117020436
1644.73
77.7055
61.5756
180
180
174.659
164.654
49.5902
47.6081
1550117020461
1644.36
79.6665
61.6612
179.98
179.98
173.672
163.338
49.6876
47.6619
1550117020491
1640.95
80.155
58.89
179.98
179.98
173.555
162.136
49.9348
48.0488
1550117020525
1636.73
79.6893
58.1506
180
180
176.121
166.28
49.8309
48.3085
1550117020558
1629.62
79.587
60.0485
179.98
179.98
178.711
169.448
49.8392
48.3702
1550117020591
1636.04
81.6146
61.7499
179.98
179.98
177.622
168.647
49.8548
48.0766
1550117020708
1636.98
87.0562
59.5933
180
180
173.588
165.255
50.1031
48.0146
1550117020795
1631.16
86.6029
60.2568
179.98
179.98
174.196
167.231
50.2666
48.1901
1550117020882
1646.6
93.5299
66.6581
179.98
179.98
173.581
167.907
49.9943
47.8249
1550117020910
1646.78
93.5316
63.372
180
180
172.02
165.337
50.0803
47.9182
1550117020933
1633.93
87.4419
62.8499
179.98
179.98
171.829
164.399
50.0837
48.3004
1550117020960
1635.07
88.3748
63.1528
179.98
179.98
171.7
162.839
50.0736
48.5537
1550117020993
1635.02
88.7405
62.7482
180
180
171.851
164.589
50.1137
48.1027
1550117021026
1621.87
85.0647
63.4925
179.98
179.98
171.487
163.068
50.0112
48.3612
1550117021092
1613.48
82.9023
63.005
180
180
171.655
163.568
50.0138
48.341
1550117021127
1617.14
84.5271
62.1339
180
180
171.937
162.438
50.0216
48.5785
1550117021161
1608.59
80.3676
60.0204
179.98
179.98
171.509
164.178
49.7903
48.0104
1550117021269
1623.25
81.0845
65.48
179.98
179.98
169.398
161.924
48.8459
47.4302
1550117021405
1620.45
79.723
64.0838
179.98
180
169.368
161.882
48.893
47.4189
1550117021432
1625.9
75.6278
79.8262
179.98
179.98
169.37
161.462
48.2438
47.3377
1550117021496
1620.02
76.5668
78.1788
179.98
179.98
168.252
160.938
48.419
46.4937
1550117021532
1678.28
72.8466
57.5843
180
180
171.247
157.097
48.6127
47.7638
1550117021699
1671.51
76.4246
64.7003
180
180
172.44
155.815
48.6197
47.2949
1550117021767
1652.72
71.9548
75.7586
180
180
171.544
145.157
48.6807
47.5032
1550117021806
1626.93
79.5175
85.5241
180
180
171.113
144.571
48.1485
47.9773
1550117021839
1501.17
72.3615
71.4223
180
180
172.341
149.134
49.3563
48.7553
1550117021904
1495.29
74.1279
79.3326
180
180
164.072
140.858
48.8125
48.1118
1550117021965
1475.56
76.7111
80.4889
179.98
179.98
162.391
137.17
49.0465
48.2977
1550117021998
1469.73
81.0531
84.3111
180
180
160.048
133.329
49.0954
48.3014
1550117022032
1499.34
84.0735
88.5081
179.98
179.98
161.526
131.024
48.1708
47.9732
1550117022180
1503.62
83.4149
88.3057
179.98
179.98
160.761
131.467
47.9236
47.6799
1550117022237
1519.96
91.9145
91.8732
180
180
156.449
132.819
47.1755
45.9947
1550117022262
1581.55
75.1961
78.798
180
180
161.54
140.975
46.6998
47.3559
1550117022302
1670.73
89.2165
86.5958
180
180
167.474
158.843
46.0075
45.9956
1550117022408
1655.17
69.9161
89.2816
180
180
160.209
147.898
46.5421
46.4896
1550117022453
1642.7
75.6008
105.193
180
180
153.986
144.844
45.7252
45.5527
1550117022503
1684.78
93.1197
116.252
180
180
155.008
146.098
45.0714
44.8824
1550117022570
1642.14
66.5465
70.5378
180
179.98
156.212
146.904
45.2449
44.0323
1550117022645
1742.35
90.7087
74.063
180
180
157.993
151.196
44.0419
42.1046
1550117022713
1736.52
83.6998
68.6566
179.98
179.98
158.92
152.565
44.1031
41.9562
1550117022759
1755.39
87.9987
65.5707
180
180
159.88
154.334
43.2335
42.3185
1550117022806
1675.5
130.231
133.488
180
180
166.204
168.131
45.3881
44.2483
1550117022939
1762.88
146.516
109.496
180
180
169.854
165.494
45.3096
42.921
1550117022964
1751.45
101.904
71.7876
180
180
156.455
151.612
45.0143
43.1749
1550117022993
1684.23
75.9237
80.0742
180
180
157.472
158.495
45.0004
44.1925
1550117023022
1683.84
59.9279
62.7925
180
180
157.953
156.854
44.9672
43.9229
1550117023047
1689.55
57.7805
59.5671
180
180
168.008
147.531
44.6121
43.7899
1550117023076
1747.21
74.7264
65.9934
180
180
169.101
146.179
45.3843
43.0945
1550117023109
1732.87
69.0473
64.0195
179.98
179.98
168.352
146.409
46.2476
42.853
1550117023159
1721.59
66.0079
63.076
180
180
166.597
145.041
46.5095
43.0742
1550117023187
1713.31
64.6558
70.6093
180
180
165.771
145.383
45.9904
43.352
1550117023214
1739.46
96.8453
112.191
179.972
180
173.378
163.201
44.9911
42.9979
1550117023243
1743.57
133.668
130.027
180
180
174.382
171.841
44.9376
42.8805
1550117023271
1729.01
142.58
117.226
179.98
179.98
169.383
164.42
45.3319
42.0624
1550117023309
1718.07
145.687
72.984
179.98
179.98
153.44
158.264
46.3692
42.6642
1550117023404
1626.5
71.8883
67.7705
179.98
179.972
173.386
159.871
48.4097
45.3655
1550117023592
1631.83
70.9583
72.1053
180
180
171.998
161.462
48.2598
45.3365
1550117023626
1647.33
79.183
66.6013
179.98
180
171.861
167.793
48.2556
45.102
1550117023712
1678.61
98.2139
75.9691
180
179.98
172.655
169.432
47.456
44.2633
1550117023795
1676.73
100.504
81.3105
180
179.98
172.896
168.096
46.8294
44.3039
1550117023845
1674.25
99.7779
83.1736
180
180
172.946
166.497
47.089
44.4163
1550117023879
1657.3
91.4799
77.5913
180
179.98
173.3
168.666
46.9346
44.3807
1550117023907
1634.4
82.9711
82.8589
180
180
175.59
168.487
46.6056
44.4663
1550117024019
1621.98
81.1399
77.9658
179.98
179.98
175.483
167.785
46.764
44.4993
1550117024081
1627.35
81.8043
77.7085
179.98
179.98
174.698
165.937
46.849
44.3995
1550117024145
1615.31
77.6811
76.7036
179.98
179.98
174.373
164.834
46.9703
44.594
1550117024203
1599.77
73.7001
70.806
179.98
179.98
174.147
164.054
47.2645
44.8768
1550117024235
1605.87
74.6091
75.2065
180
180
174.557
163
47.2391
44.8671
1550117024297
1606.24
73.6336
74.7358
179.98
179.98
174.568
163.34
47.089
44.9881
1550117024333
1603.66
75.5187
70.3812
180
180
174.49
165.16
46.9598
44.7671
1550117024367
1610.01
73.8732
73.8352
179.98
179.98
174.457
164.995
46.7514
44.8223
1550117024404
1614.29
71.0863
75.396
180
179.98
174.306
163.802
46.8851
44.9318
1550117024461
1601.89
71.1196
68.8536
179.98
179.98
174.291
166.69
46.5932
44.8683
1550117024493
1602.01
67.7776
70.4303
180
180
174.32
164.606
47.0949
45.0176
1550117024522
1618.06
70.0593
75.9922
180
180
174.277
163.42
46.9915
44.8561
1550117024638
1627.14
70.105
79.4847
180
180
174.215
162.267
46.9209
44.8546
1550117024698
1610.63
70.5748
72.9628
180
180
174.089
163.331
47.1378
44.8591
1550117024756
1613.46
70.862
73.5778
180
180
174.003
162.85
47.1607
44.8428
1550117024838
1619.96
75.2254
78.0581
180
180
174.303
162.433
47.0067
44.9182
1550117024938
1616.67
76.1352
76.2902
180
180
174.309
163.68
46.855
44.9463
1550117025017
1625.94
75.1211
78.9382
180
180
174.271
163.977
46.6488
44.8646
1550117025042
1616.94
73.4905
74.9836
180
179.98
174.233
163.703
46.9847
44.8241
1550117025067
1608.97
72.4337
71.2299
180
180
174.12
163.281
47.2893
44.7881
1550117025132
1607.34
70.837
69.5663
179.98
179.98
173.944
163.464
47.3081
44.7979
1550117025187
1607.77
67.2972
68.6988
180
180
173.683
163.688
47.261
44.9022
1550117025248
1600.56
58.7914
61.5714
179.972
179.98
173.605
168.4
46.3749
45.4504
1550117025363
1621.63
63.6359
73.4458
180
180
173.386
161.67
47.1068
45.3617
1550117025599
1629.92
65.0621
75.8765
180
180
173.347
162.411
46.7997
45.2308
1550117025634
1634.82
64.6718
77.2207
180
179.98
173.192
163.106
46.5401
45.1996
1550117025700
1577.34
61.9811
59.3003
179.98
179.98
173.104
163.377
47.6274
45.4366
1550117025738
1624.02
62.1541
75.2788
180
180
172.994
160.838
47.0289
45.4296
1550117025800
1655.92
67.6071
88.2492
180
180
172.794
161.577
45.9532
45.0969
1550117025868
1618.55
72.5521
75.4546
179.98
179.98
172.596
159.041
47.2683
45.0262
1550117025943
1626.01
71.6102
78.7038
180
180
171.809
158.222
46.8199
45.3851
1550117025995
1642.04
68.4192
85.7656
180
180
171.702
155.945
46.5694
45.6806
1550117026059
1648.84
68.4434
88.4203
180
180
171.727
155.51
46.3162
45.6241
1550117026083
1639.8
68.4369
84.5793
180
180
171.927
155.55
46.7851
45.514
1550117026108
1604
66.1986
74.4108
179.98
180
172.093
152.317
47.6954
45.628
1550117026135
1650.78
66.6307
85.8183
180
179.972
172.043
157.609
46.3397
45.4381
1550117026166
1639.75
67.24
79.835
180
180
172.068
159.327
47.0224
45.3375
1550117026199
1649.82
65.603
81.1429
179.98
180
171.398
160.181
46.9052
45.4684
1550117026233
1684.3
79.5447
92.5131
179.98
179.98
170.025
164.005
45.9243
44.6476
1550117026301
1685.96
92.6078
93.3715
180
180
170.144
164.073
45.5992
44.2485
1550117026334
1683.41
93.7327
87.4251
179.98
180
170.328
162.765
45.9445
44.2627
1550117026368
1676.34
87.3156
91.1831
179.98
179.98
171.252
163.379
45.4732
44.1344
1550117026435
1662.61
89.0425
84.9045
179.98
179.98
170.692
159.864
45.8579
44.0802
1550117026570
1661.12
88.6467
85.0165
180
180
170.403
159.389
45.8872
44.0858
1550117026591
1652.36
84.5063
84.9086
180
180
170.107
158.954
45.9594
44.2161
1550117026614
1662.93
90.1748
84.0724
180
180
169.88
158.374
46.035
44.0745
1550117026638
1663.35
90.4575
83.4299
180
180
169.799
157.475
46.0616
44.3238
1550117026670
1657.48
87.9179
80.7791
180
180
169.522
156.318
46.5113
44.4642
1550117026736
1650.13
84.8464
76.2572
180
180
168.709
153.556
47.2882
44.841
1550117026803
1678.94
100.665
87.9106
180
180
169.072
154.93
46.3076
44.5828
1550117026956
1710.32
117.233
98.4224
180
180
167.341
156.021
45.3185
44.3631
1550117027099
1721.32
122.176
100.711
179.98
179.98
166.343
155.68
45.0223
44.0262
1550117027139
1713.56
118.021
97.1217
180
180
165.735
154.483
45.1386
44.0972
1550117027173
1706.38
112.704
95.9265
179.98
179.98
165.144
153.709
45.0761
44.1006
1550117027207
1694.61
113.135
94.6949
179.98
179.98
164.473
154.941
45.2194
43.606
1550117027241
1700.69
128.56
97.3254
179.98
179.98
163.313
153.684
45.0935
43.463
1550117027273
1699.15
128.694
96.3633
179.98
179.98
162.148
152.048
45.3817
43.5884
1550117027307
1690.85
123.427
99.5352
180
180
160.938
151.215
45.488
43.7016
1550117027342
1679.89
119.117
98.0516
180
180
159.909
152.824
45.5989
43.16
1550117027375
1690.81
132.373
106.655
179.98
179.98
158.761
151.768
45.2715
43.318
1550117027444
1678.42
128.915
106.82
179.98
180
158.335
152.092
45.4629
43.2021
1550117027477
1667.66
122.901
108.394
179.98
179.98
157.921
151.888
45.3654
43.4237
1550117027509
1637.62
104.444
102.236
180
180
157.455
151.356
45.9745
43.6988
1550117027543
1639.39
107.99
97.764
179.98
180
156.852
155.567
45.2531
42.8725
1550117027591
1642.51
111.158
88.1495
179.98
179.98
156.149
151.199
46.7207
42.6585
1550117027620
1641.7
114.253
94.6952
179.98
179.98
155.524
153.198
45.3653
42.6398
1550117027649
1638.66
113.642
87.7816
180
179.98
155.497
152.436
45.865
42.6873
1550117027678
1681.93
117.21
146.061
179.98
179.98
155.498
154.707
43.4309
42.6401
1550117027711
1639.4
116.868
91.9417
179.98
179.98
155.63
152.969
45.6605
42.6601
1550117027735
1629.49
113.477
91.9589
179.98
179.98
156.043
153.472
45.6905
42.8126
1550117027778
1624.95
112.059
104.126
179.98
179.98
156.367
152.505
45.5762
42.9097
1550117027802
1574.42
83.1467
84.9984
179.98
180
156.817
148.019
46.6753
44.1589
1550117027861
1590.77
93.9905
92.8322
180
180
156.286
146.569
46.0575
44.4
1550117027896
1593.26
92.7476
97.5448
179.98
179.98
155.849
147.042
45.9152
44.4834
1550117027930
1615.73
117.466
102.714
179.98
179.98
155.935
147.825
45.5608
44.0778
1550117027962
1626.39
124.11
100.712
179.98
180
156.157
146.96
45.6507
44.2619
1550117027995
1630.09
125.861
101.45
179.98
179.98
156.379
147.011
45.5733
44.3095
1550117028029
1627.67
124.456
101.381
180
179.98
156.707
147.522
45.7637
44.2578
1550117028080
1629.6
132.072
105.584
180
180
156.831
147.858
45.8091
44.2888
1550117028205
1630.22
133.334
105.866
180
180
156.678
147.406
45.9217
44.3288
1550117028264
1618.19
126.076
107.179
180
180
157.813
149.114
46.0691
44.5837
1550117028372
1613.23
122.971
107.866
179.98
180
158.057
149.369
46.1485
44.683
1550117028432
1600.59
118.14
101.69
179.98
179.98
157.856
148.954
46.6012
44.8385
1550117028491
1591.94
120.821
95.3989
179.98
180
157.197
146.076
46.7584
45.4364
1550117028584
1584.55
117.107
92.8251
180
180
157.118
145.665
46.8823
45.6287
1550117028606
1578.94
116.413
92.4426
180
180
157.341
146.323
46.9808
45.6715
1550117028662
1577.48
116.423
91.782
180
180
157.567
146.77
47.01
45.6985
1550117028716
1579.17
119.091
93.1188
180
180
157.716
147.209
46.9575
45.6421
1550117028778
1580.67
121.628
95.7841
180
180
157.99
147.909
46.8793
45.6345
1550117028839
1594.62
134.613
101.531
180
180
157.981
148.72
46.5876
45.3533
1550117028974
1595.72
136.215
103.438
180
180
158.16
149.221
46.5149
45.2973
1550117029046
1596.92
137.391
102.926
179.98
180
158.233
149.508
46.5764
45.1951
1550117029123
1593.68
133.215
103.549
180
180
158.399
149.386
46.4757
45.309
1550117029229
1592.4
131.052
103.135
180
180
158.37
149.047
46.4942
45.4168
1550117029263
1592.41
131.787
102.824
180
180
158.188
148.725
46.512
45.4351
1550117029337
1587.04
131.064
105.218
179.98
180
157.448
147.979
46.4439
45.478
1550117029411
1545.63
109.58
105.045
180
180
156.633
149.383
46.9036
45.2207
1550117029485
1564.41
119.173
108.828
179.98
179.98
157.401
147.968
46.5938
45.6532
1550117029562
1524.82
87.292
103.995
180
179.98
154.379
153.466
47.5675
45.7055
1550117029623
1522.67
111.433
106.891
179.98
180
151.434
149.845
47.4346
44.9109
1550117029738
1557
101.624
127.713
180
180
151.09
152.128
46.5071
45.1104
1550117029794
1573.97
147.395
116.083
180
180
145.988
143.649
47.0918
44.5702
1550117029872
1585.96
160.334
116.79
180
180
146.727
143.232
47.2564
44.1708
1550117029943
1543.31
129.313
108.215
180
180
147.921
148.918
48.0357
45.4284
1550117030003
1548.95
142.098
114.75
180
180
149.523
145.981
46.6752
43.1829
1550117030060
1498.4
107.319
77.3071
179.98
180
150.829
150.889
46.668
44.5455
1550117030158
1397.12
67.1639
67.7997
180
180
150.989
160.13
45.0157
42.5801
1550117030185
1378.06
64.0683
64.6475
179.98
180
150.799
160.607
44.9485
42.6485
1550117030209
1380.02
66.3189
69.4073
180
180
151.332
147.854
45.9575
44.401
1550117030264
1433.43
65.0396
89.6926
180
180
150.577
145.754
44.5144
42.7887
1550117030298
1393.46
93.9523
82.4522
179.98
179.98
150.647
140.423
45.8004
43.9158
1550117030365
1368.43
109.304
97.7119
180
180
150.939
142.318
46.1634
45.233
1550117030479
1350.09
97.7929
99.2932
180
180
149.697
149.913
45.024
44.8297
1550117030555
1337.27
98.5531
67.1588
180
179.98
146.095
131.013
46.8133
45.5988
1550117030608
1306.59
91.7656
67.6927
180
180
140.248
130.987
46.6194
45.1218
1550117030674
1268.21
77.5365
86.8497
180
179.98
135.061
138.275
45.4456
45.912
1550117030705
859.116
154.285
159.025
180
180
155.694
157.652
54.0809
54.6031
1550117030881
929.385
163.149
154.425
180
180
138.686
147.275
53.8776
53.5443
1550117030949
1031.93
164.573
161.682
180
180
129.903
136.921
52.3955
52.6843
1550117030988
1059.81
158.342
151.987
180
180
127.88
137.814
51.01
51.167
1550117031021
1040.4
165.653
171.735
180
180
130.431
128.791
52.0813
52.1647
1550117031200
1033.69
158.815
164.661
179.98
180
131.839
127.84
51.9505
52.023
1550117031238
1079.41
152.152
156.481
180
180
132.103
134.379
49.7532
50.6213
1550117031259
1065
160.051
169.315
179.98
180
132.446
131.85
50.0443
50.5989
1550117031282
1065.82
160.513
154.177
180
179.98
133
135.821
50.2297
50.3832
1550117031340
1065.63
152.296
145.556
180
180
133.364
137.345
50.0028
50.1717
1550117031375
1026.73
148.157
154.981
180
180
133.282
126.897
51.5875
51.7579
1550117031408
1054.86
156.618
135.609
179.98
180
132.638
138.698
50.6651
50.2285
1550117031442
1095.85
159.677
161.236
180
180
130.608
131
49.612
52.01
1550117031541
1149.36
151.998
150.318
179.98
180
128.729
133.68
49.0554
49.8332
1550117031731
1066.47
158.503
171.428
180
179.98
128.947
127.009
50.9291
51.0256
1550117031776
1065.84
168.97
167.876
180
180
129.437
130.969
50.3633
50.6829
1550117031845
1043.02
167.571
170.181
179.98
180
129.827
128.107
51.4909
50.5244
1550117031878
1088.66
153.934
158.124
180
180
130.637
132.555
49.2066
50.4854
1550117031913
1089.37
166.283
170.572
180
180
132.096
132.3
50.3005
50.6235
1550117031947
1093.45
157.254
163.066
179.98
179.98
132.086
127.408
51.2568
51.4749
1550117032012
1136.24
161.003
179.727
180
180
132.04
130.124
50.4804
50.8003
1550117032046
1125.55
163.104
174.59
180
180
132.315
131.409
50.3557
50.5469
1550117032079
1115.29
162.47
171.592
180
179.98
132.462
132.933
50.0821
49.8791
1550117032113
1091.81
159.98
157.923
180
180
133.047
135.676
49.752
49.8976
1550117032198
1081.63
157.844
156.084
180
180
134.677
137.579
49.6467
49.6019
1550117032255
1083.37
166.78
161.805
180
180
141.032
142.576
50.2017
49.76
1550117032348
1082.64
164.561
156.232
180
179.98
136.623
139.801
50.0324
49.6287
1550117032382
1065.82
164.954
154.241
180
179.98
137.252
140.94
50.4258
50.0974
1550117032499
1067.72
163.936
169.783
180
180
136.759
137.05
50.2237
50.46
1550117032533
1054.69
165.747
175.829
180
180
137.049
136.451
50.4371
50.3867
1550117032566
1049.59
167.193
157.722
180
179.98
136.864
141.26
50.3602
49.8959
1550117032644
1049.56
160.928
151.996
180
180
137.118
143.704
49.4482
49.3286
1550117032711
1237.38
136.902
115.449
180
180
164.693
158.592
47.0495
46.6938
1550117033042
1275.49
108.959
111.753
180
180
162.488
153.387
45.8518
46.1615
1550117033209
1288.61
174.567
142.64
179.972
179.972
135.278
131.084
49.4174
47.7921
1550117034010
757.676
142.011
149.416
180
180
105.942
105.267
61.1635
61.3779
1550117034656
1348.11
67.6048
72.8656
179.972
179.972
170.018
168.073
53.0948
55.0354
1550117034840
