1449.21
93.7099
89.9651
180
179.966
163.338
175.972
56.564
56.0543
1550118088911
1475.8
110.801
104.773
180
179.972
165.175
172.429
56.7194
56.1962
1550118089076
1469.94
110.749
104.663
180
180
166.125
172.454
56.8895
56.467
1550118089143
1499.01
116.487
108.382
180
180
171.196
175.473
57.6627
57.1386
1550118089278
1504.16
119.547
107.736
180
180
171.875
176.082
58.0027
57.3439
1550118089342
1487.45
112.784
103.15
180
179.972
171.467
175.775
58.6865
58.1081
1550118089368
1477.01
109.1
102.169
179.966
179.966
171.057
175.55
58.957
58.5467
1550118089398
1462.61
107.283
99.6069
179.972
180
172.425
175.098
59.5711
59.0229
1550118089505
1469.86
110.012
104.006
180
179.966
175.406
176.261
60.0852
59.6071
1550118089607
1467.14
110.796
103.773
179.966
179.966
176.485
175.208
60.2374
59.8218
1550118089673
1452.27
111.067
104.776
180
180
175.591
174.016
60.4697
60.0581
1550118089743
1450.77
110.433
105.472
180
179.966
175.091
174.212
60.6713
60.2716
1550118089805
1453.67
110.037
105.707
179.972
179.972
174.342
173.466
60.7363
60.3668
1550118089841
1426.69
98.8454
92.0488
179.966
180
169.123
168.231
61.4507
60.7619
1550118089988
1410.69
100.964
95.9489
179.972
179.966
167.538
166.983
61.4059
60.9039
1550118090177
1418.84
106.596
104.266
180
180
166.468
165.717
61.2208
60.7595
1550118090236
1422.26
107.5
104.942
179.966
180
166.196
165.268
61.2416
60.7511
1550118090270
1428.66
106.011
103.713
179.972
179.972
166.354
165.413
61.3052
60.8148
1550118090321
1439.2
106.236
104.446
180
180
167.379
166.586
61.2733
60.7974
1550118090354
1443.56
107.456
106.007
179.972
180
168.691
168.189
61.2412
60.7726
1550118090387
1442.69
108.963
107.537
180
180
169.359
169.079
61.2298
60.7633
1550118090412
1441.85
110.407
109.155
180
180
170.081
170.296
61.1944
60.7446
1550118090468
1440.65
109.387
106.791
180
180
170.426
170.955
61.2122
60.7218
1550118090491
1442.04
108.406
105.029
179.966
180
170.537
171.174
61.2223
60.7051
1550118090521
1448.84
107.596
103.736
179.972
180
170.057
169.97
61.2558
60.6938
1550118090602
1449.64
107.331
103.996
180
179.972
170.034
169.566
61.259
60.7198
1550118090671
1451.91
108.525
104.992
179.966
180
171.603
171.357
61.2116
60.7266
1550118090799
1469.69
108.738
104.992
180
180
171.87
171.68
61.2121
60.7365
1550118090894
1471.75
108.293
104.558
179.972
179.972
172.323
172.16
61.2117
60.7452
1550118090941
1461.31
106.436
101.985
179.972
179.972
176.771
176.002
61.2229
60.7632
1550118091043
1468.33
106.351
102
180
179.956
176.884
175.49
61.1155
60.7247
1550118091065
1468.73
105.557
101.169
179.956
180
177.077
176.576
60.8194
60.6299
1550118091089
1472.13
104.953
98.9632
180
180
177.211
177.641
60.621
60.2581
1550118091164
1481.31
108.473
103.763
179.966
180
174.094
176.843
59.9342
59.6781
1550118091297
1481.67
110.31
108.634
180
179.966
170.26
173.615
59.285
59.1413
1550118091368
1478.16
109.377
105.85
180
179.972
169.167
173.468
59.0412
58.6858
1550118091435
1485.11
109.09
107.154
180
180
168.401
173.235
58.405
58.1351
1550118091527
1474.74
106.874
106.707
179.972
179.972
167.754
173.19
57.9248
57.7531
1550118091588
1464.26
102.894
106.897
179.972
179.972
165.892
172.735
57.5481
57.5978
1550118091656
1461.8
100.123
105.737
180
180
165.446
173.22
57.4313
57.4283
1550118091717
1458.61
94.7638
100.857
180
180
165.604
174.749
56.9649
56.7939
1550118091797
1446.68
97.1153
92.9801
179.966
179.966
165.271
175.301
56.69
56.1427
1550118091864
1428.34
90.7653
88.3043
179.966
180
164.889
174.668
56.5387
56.0436
1550118091918
1409.91
84.9403
86.5255
179.956
179.956
162.367
174.337
56.068
55.8163
1550118092000
1426.52
84.2219
93.7751
179.972
179.972
163.409
175.612
55.05
55.0896
1550118092084
1430.44
81.7947
92.8037
179.972
179.972
166.762
177.096
54.04
54.1268
1550118092105
1415.42
86.4684
85.647
179.972
179.972
168.9
176.154
53.3381
52.7755
1550118092129
1419.9
92.7456
74.6945
180
179.972
168.628
176.252
52.5556
50.7632
1550118092188
1447.38
98.8314
107.686
180
180
168.479
174.677
50.2259
49.5032
1550118092222
1475
88.7898
130.274
180
179.972
172.56
172.68
47.3445
47.3649
1550118092288
1422.95
90.4947
100.13
179.972
179.972
175.207
159.439
45.7224
45.771
1550118092430
1394.59
91.5135
100.814
180
180
173.933
158.527
45.5749
45.0264
1550118092566
1365.37
92.0253
94.285
180
180
171.92
156.959
45.8861
44.9911
1550118092623
1361.21
78.6514
96.8755
180
180
170.335
155.023
45.3139
45.7069
1550118092656
1342.41
79.9065
93.267
179.972
179.972
169.198
153.598
45.4338
45.5686
1550118092689
1372.69
104.568
102.344
179.972
179.972
169.634
154.793
44.7984
44.0482
1550118092723
1408.36
93.5131
120.695
180
180
169.448
160.375
41.3648
43.5511
1550118092831
1403.99
87.0686
126.793
180
179.972
167.426
157.217
41.331
43.9938
1550118092887
1400.59
93.0303
138.689
180
180
165.776
156.469
41.4011
43.8098
1550118092936
1359.33
97.3219
90.891
180
180
164.56
146.789
43.4364
41.8275
1550118092991
1438.21
109.216
129.541
180
180
165.028
154.338
40.5379
40.7028
1550118093091
1440.41
106.713
127.793
180
180
165.285
155.321
40.6003
40.7949
1550118093117
1412.61
114.069
132.486
180
180
163.61
157.46
40.6343
41.0522
1550118093140
1398.56
115.352
133.125
180
180
164.119
158.498
40.5753
40.992
1550118093164
1387.17
120.879
139.723
180
180
164.872
160.005
40.125
40.5126
1550118093193
1373.71
109.178
122.837
179.972
180
167.798
158.539
40.2783
40.546
1550118093226
1373.71
104.034
113.914
179.972
179.972
170.418
158.536
40.1768
40.4162
1550118093260
1378.96
100.916
107.223
180
180
167.549
151.324
39.957
40.157
1550118093293
1399.68
119.483
125.163
179.972
179.972
161.031
149.333
38.036
38.2799
1550118093326
1393.25
120.637
127.133
180
180
154.46
141.258
37.6963
37.9911
1550118093360
1380.62
121.088
128.054
180
180
149.781
135.515
37.6352
37.9631
1550118093394
1363.18
121.914
129.356
180
180
144.143
128.604
37.9586
38.3203
1550118093428
1355.02
119.373
127.753
179.972
179.972
140.259
122.858
38.4784
38.8489
1550118093462
1362.34
106.441
115.758
179.972
180
143.081
123.363
38.802
39.1438
1550118093528
1368.9
100.257
108.899
180
180
148.614
130
38.5743
38.8948
1550118093589
1359.44
103.468
112.503
180
179.972
145.724
126.582
38.6903
39.0223
1550118093613
1366.22
101.607
110.768
180
180
148.773
130.925
38.5111
38.8301
1550118093638
1371.62
102.122
111.522
179.972
180
151.59
135.186
38.3632
38.6713
1550118093667
1382.28
105.75
112.92
180
179.972
157.988
144.438
38.704
38.8987
1550118093739
1361.09
82.8918
123.267
180
180
157.501
139.853
40.7184
42.4649
1550118093876
1359.24
84.5318
125.595
180
180
157.544
140.13
40.5942
42.3714
1550118093952
1342.69
97.8925
136.08
180
180
150.328
134.299
39.6336
42.0039
1550118094021
1340.79
100.734
125.693
180
179.972
145.356
125.848
39.6538
42.023
1550118094110
1341.95
99.3495
120.603
180
180
152.67
136.413
39.6606
42.0295
1550118094135
1342.81
90.7096
119.126
180
180
158.436
145.893
39.6674
42.0359
1550118094158
1355.03
87.3501
86.5676
179.972
180
166.075
166.879
57.8775
57.5053
1550118117544
1352.69
88.7603
88.3784
180
179.972
167.042
168.497
58.7385
58.2837
1550118117620
1353.65
89.5971
88.7688
180
179.972
167.065
169.469
58.9776
58.679
1550118117643
1369.07
95.5671
91.9885
179.966
179.972
167.01
170.827
59.0405
59.1843
1550118117724
1388.2
103.399
101.504
179.972
180
167.428
169.891
59.322
59.3551
1550118117778
1408.98
110.461
100.841
179.972
179.972
169.423
172.494
59.933
59.8445
1550118117874
1417.87
118.218
107.706
179.972
180
169.423
173.148
60.1415
59.95
1550118117974
1425.3
122.768
113.507
180
179.966
169.407
173.354
60.2745
60.0914
1550118118043
1432.83
126.274
117.284
180
180
169.006
173.046
60.3403
60.1687
1550118118108
1432.85
125.618
116.932
180
180
168.429
172.328
60.3963
60.2756
1550118118212
1433.38
125.631
116.007
179.972
179.972
168.584
172.514
60.424
60.2775
1550118118290
1434.02
125.61
115.853
180
180
168.882
172.811
60.4078
60.2704
1550118118379
1434.99
126.16
115.623
180
180
168.742
172.687
60.4069
60.247
1550118118514
1421.98
122.043
110.004
180
180
167.991
171.721
60.3759
60.169
1550118118647
1413.87
116.932
105.154
180
180
169.032
172.14
60.3054
60.1395
1550118118677
1405.95
108.667
99.3915
179.966
179.966
169.711
170.879
60.1126
60.0676
1550118118738
1402.4
105.505
97.761
180
180
169.51
170.685
59.8995
60.017
1550118118782
1398.26
103.11
96.4809
180
180
169.093
170.338
59.7924
59.9363
1550118118830
1388.04
100.87
99.3959
179.966
179.966
165.595
167.472
58.8529
58.8856
1550118118986
1380.49
100.36
95.3795
179.972
180
162.305
165.258
57.9076
57.6854
1550118119114
1363.44
99.4366
93.0945
179.972
179.972
158.622
165.908
57.4432
57.8835
1550118119205
1358.85
101.206
90.6558
179.972
179.966
157.093
164.027
57.445
57.5603
1550118119238
1353.37
98.92
88.4946
180
179.966
155.848
160.526
56.7884
56.5966
1550118119304
1345.55
84.2479
94.8395
180
180
157.571
165.566
54.8421
56.2344
1550118119414
1336.76
77.25
83.7827
180
180
164.81
171.334
52.7997
53.8808
1550118119514
1327.39
83.2382
86.9638
180
180
172.014
167.023
49.3073
49.9775
1550118119586
1277.98
86.7106
100.315
180
180
158.885
140.201
47.73
49.3371
1550118119657
1223.71
99.9092
126.107
179.972
179.972
152.968
139.851
47.716
49.571
1550118119738
1213.62
93.7094
124.691
179.972
179.972
156.118
145.896
47.5684
49.482
1550118119772
1207.41
99.3875
121.778
180
180
157.276
147.524
47.3744
49.0423
1550118119805
1201.56
94.6114
118.196
179.966
180
156.754
144.132
46.3399
47.4403
1550118119871
1268.9
84.0813
110.348
179.972
179.972
160.677
146.653
45.3069
46.4378
1550118119937
1349.21
94.5233
115.236
180
180
169.966
159.315
43.7148
44.6084
1550118120049
1316.05
69.2467
86.0179
179.972
180
169.833
163.032
43.7196
44.9916
1550118120104
1343.57
105.032
107.087
179.972
180
166.516
152.839
44.36
44.0267
1550118120162
1315.96
98.8087
97.747
179.972
179.972
164.331
148.11
45.4034
44.0167
1550118120189
1339.34
102.818
132.923
180
180
159.688
148.631
42.4299
43.7923
1550118120283
1335.35
98.6475
143.034
179.972
180
159.854
150.596
41.9135
43.92
1550118120350
1262.31
103.749
84.0339
180
180
161.807
155.526
44.0603
44.5329
1550118120418
1346.39
102.439
120.342
179.972
179.972
169.375
155.955
44.1508
45.1831
1550118120487
1370.25
100.117
125.16
180
179.972
171.866
165.831
44.0896
42.5706
1550118120545
1373.04
86.4186
133.327
179.972
179.972
170.986
163.695
43.384
43.0052
1550118120613
1333.83
87.9569
103.378
180
180
168.965
157.353
45.2501
43.2091
1550118120744
1347.81
84.1234
106.603
180
180
173.775
168.031
43.9448
44.0385
1550118120889
1304.62
74.5376
89.3693
179.96
180
174.183
170.364
44.6894
44.9368
1550118120964
1341.72
72.8863
121.711
179.972
180
170.617
162.109
43.9429
44.9469
1550118121049
1362.48
92.1007
151.382
180
179.972
169.418
159.928
41.9682
43.0626
1550118121091
1374.94
100.683
133.037
180
180
167.964
155.495
41.8122
42.4909
1550118121190
1328.64
104.609
94.349
180
180
168.193
166.518
42.7794
41.5723
1550118121238
1317.48
97.2259
92.4587
180
179.972
168.88
165.595
42.8181
42.3978
1550118121263
1370.16
107.163
137.375
179.972
180
169.65
159.701
41.3742
41.63
1550118121290
1368.21
98.7543
137.948
180
180
170.198
159.582
41.3916
42.2567
1550118121316
1363.56
100.343
135.055
179.972
180
170.788
160.594
41.3784
42.0585
1550118121349
1361.55
107.104
134.572
180
180
171.002
162.005
41.4109
41.616
1550118121382
1356.86
79.4524
131.649
179.972
179.972
170.925
158.47
41.4985
43.8671
1550118121455
1333.82
93.1008
105.346
180
180
170.738
157.001
42.6082
42.3812
1550118121515
1319.21
99.3166
87.2671
180
180
170.3
154.593
44.1351
42.1072
1550118121587
1315.66
99.1692
87.3615
179.972
180
170.288
154.529
44.1368
42.0158
1550118121653
1290.73
78.0901
86.3706
179.972
179.972
170.027
150.57
44.2664
43.9663
1550118121718
1354.27
108.449
133.268
180
180
170.014
160.751
41.5546
41.7426
1550118121741
1361.72
102.779
134.879
180
179.972
169.574
158.843
41.4042
42.1457
1550118121762
1338.34
80.8501
112.977
180
180
169.203
153.901
43.103
43.9944
1550118121787
1334.45
119.26
108.2
179.972
179.96
172.029
161.185
43.7415
41.4412
1550118121852
1251.31
89.9976
96.0623
180
180
172.054
167.539
42.5473
43.4771
1550118121919
1296.22
112.591
120.68
180
179.972
171.805
162.415
43.5
42.7618
1550118121989
1319.05
135.606
123.324
180
179.972
171.314
164.673
43.3311
41.2661
1550118122057
1313.34
116.674
119.958
180
180
168.533
160.231
43.2598
41.7654
1550118122122
1338.64
109.121
124.847
180
180
163.07
150.757
42.1043
43.454
1550118122239
1347.33
104
124.368
179.972
180
160.892
145.282
42.5191
44.0019
1550118122288
1372.74
102.846
129.509
180
180
160.918
145.936
41.6745
43.5905
1550118122339
1382.27
103.59
128.729
180
180
161.094
146.085
41.4414
43.2115
1550118122363
1385.34
103.829
124.446
180
180
161.419
145.529
41.6034
43.1524
1550118122405
1318.24
102.306
135.504
179.972
180
159.511
146.948
42.1124
44.441
1550118122481
1314.53
101.469
123.451
180
180
173.547
159.388
44.282
45.3989
1550118122554
1345.38
141.702
148.331
180
180
176.937
175.208
43.1182
40.9875
1550118122617
1380.68
127.298
152.246
179.972
179.972
171.259
166.033
42.0795
40.6738
1550118122684
1382.29
118.964
141.172
180
180
169.075
161.56
42.3228
40.8275
1550118122775
1408.09
145.957
121.178
179.972
179.972
171.292
165.187
43.2719
40.9161
1550118122807
1406.75
87.4304
130.074
179.966
179.972
173.053
166.531
42.0623
44.5323
1550118122839
1365.19
87.0345
104.402
180
180
172.791
175.409
44.1035
41.2757
1550118123057
1321.14
88.0647
80.652
180
179.966
171.399
169.931
47.3346
41.8083
1550118123136
1354.3
71.6552
96.5345
180
180
172.495
168.95
45.8398
42.3764
1550118123182
1378.43
102.387
90.0332
180
180
168.421
166.452
45.7995
42.746
1550118123312
1409.36
121.536
122.099
180
179.972
170.388
168.438
43.5915
43.1534
1550118123371
1400.73
113.772
114.365
180
180
171.734
168.565
43.929
43.7676
1550118123409
1405.84
115.396
116.655
179.972
180
173.087
169.2
43.7699
43.4579
1550118123448
1391.56
100.863
106.971
180
179.972
173.557
167.543
44.3134
44.0582
1550118123475
1407.09
115.719
119.846
180
180
174.201
172.068
43.6127
41.719
1550118123494
1414.75
91.0826
121.689
180
180
175.24
165.228
43.5692
44.1709
1550118123540
1408.82
86.2329
113.087
180
180
175.138
164.51
44.2096
44.176
1550118123573
1352.67
85.5673
76.4447
180
180
174.092
158.226
46.9962
44.566
1550118123607
1351.79
81.4262
80.2704
180
180
172.901
156.598
46.0371
43.6362
1550118123641
1421.71
68.0979
97.023
180
180
170.922
154.625
43.6265
42.6748
1550118123727
1595.02
81.0843
110.978
179.98
179.98
162.406
151.752
40.7329
41.7964
1550118123847
1509.76
88.4584
110
179.98
180
160.774
154.33
40.3524
40.9009
1550118123874
1598.73
97.3936
119.149
179.98
179.98
158.992
154.146
40.1703
40.7312
1550118123908
1627.97
123.773
150.281
180
180
158.979
153.726
40.3843
40.82
1550118123986
1571.77
126.444
94.2534
180
180
159.548
149.805
43.1877
41.5674
1550118124054
1542.52
82.7962
85.1057
180
180
159.805
146.897
43.786
42.4175
1550118124115
381.818
67.0587
67.0587
180
180
168.488
81.7937
0
0
1550118124244
990.694
144.476
130.83
180
180
170.791
165.912
49.2206
49.2057
1550118124286
1061.11
155.267
162.882
180
180
168.985
163.856
46.5023
47.1618
1550118124440
1015.16
119.024
138.77
179.972
180
172.046
163.421
48.2035
48.7434
1550118124512
1010.31
114.184
131.125
180
180
172.306
161.572
48.101
48.5915
1550118124572
1012.81
113.528
129.551
180
180
171.61
160.433
48.1892
48.6619
1550118124607
1005.3
116.635
131.569
180
180
169.408
159.085
48.2543
48.6713
1550118124642
998.515
129.217
160.281
179.972
180
165.222
158.223
47.3031
48.3654
1550118124679
997.509
138.466
175.745
180
180
151.982
147.294
47.5793
49.5756
1550118124744
1011.29
136.345
171.069
180
179.972
151.763
146.656
47.8437
49.7159
1550118124781
989.285
135.649
168.059
180
180
152.628
147.169
47.9122
49.5608
1550118124844
981.627
129.791
162.485
180
180
153.999
147.679
48.0923
49.6617
1550118124863
979.79
122.192
153.692
179.972
179.972
156.486
148.85
48.4432
49.7985
1550118124909
987.695
120.686
155.117
180
180
157.072
149.465
48.2663
49.7515
1550118124976
990.363
120.514
156.551
179.972
179.972
156.846
149.456
48.1672
49.7427
1550118125022
989.58
120.643
154.768
179.972
180
156.613
148.985
48.2469
49.7082
1550118125047
984.953
118.343
152.969
180
180
155.921
148.067
48.3409
49.8024
1550118125162
980.244
116.593
150.725
180
180
155.409
147.327
48.4779
49.8922
1550118125242
979.481
117.648
150.986
179.972
179.972
154.817
146.873
48.5229
49.901
1550118125291
992.468
123.301
165.898
180
180
154.83
148.8
48.8318
50.5834
1550118125375
994.533
123.571
168.197
180
180
155.313
149.627
48.853
50.6594
1550118125395
993.673
122.735
165.002
180
180
155.832
150.001
48.7194
50.4416
1550118125447
1004.04
122.703
168.308
179.972
179.972
156.885
151.955
48.4687
50.4157
1550118125668
1004.57
117.735
155.493
180
180
156.998
151.147
48.3951
50.0019
1550118125753
1016.81
115.337
141.026
179.972
180
156.27
148.734
47.9533
48.9355
1550118125819
1027.83
120.178
139.652
180
179.972
159.677
153.796
48.0089
48.6166
1550118125859
1034.81
120.213
135.465
179.972
179.972
161.907
157.204
48.1241
48.5014
1550118125887
1045.47
118.812
148.396
179.972
180
162.767
157.7
48.0704
48.5865
1550118125918
1050.79
100.74
103.317
180
180
163.191
155.138
48.2512
48.1977
1550118126062
1048.09
96.8161
100.727
179.98
180
162.993
156.045
48.4217
47.8537
1550118126120
1068.31
131.115
129.748
180
180
158.514
155.811
48.1407
47.4214
1550118126177
1063.46
124.87
125.107
179.98
180
157.328
154.327
48.6363
47.8065
1550118126235
1078.06
132.693
133.24
179.966
180
158.24
155.094
48.2435
47.7565
1550118126292
1085.17
130.941
131.135
179.98
179.98
159.425
155.547
47.608
47.651
1550118126373
1095.85
139.255
129.936
180
180
154.478
150.527
47.401
47.0675
1550118126409
1100.53
145.061
132.098
180
180
151.118
148.587
47.7548
47.104
1550118126431
1106.24
150.555
139.954
180
180
148.284
146.687
48.0626
47.0816
1550118126460
1118.69
154.653
152.403
179.98
179.98
146.18
145.072
47.9005
47.0363
1550118126491
1101.15
144.448
127.53
179.98
179.98
149.121
146.669
49.0615
47.9636
1550118126607
1106.57
138.264
123.829
180
179.96
153.325
150.007
48.8317
47.9639
1550118126702
1128.29
151.588
142.65
180
180
152.587
150.308
48.1303
47.3868
1550118126729
1118.99
146.126
137.865
180
180
151.86
149.615
48.5544
47.8122
1550118126801
1134.22
141.097
169.817
179.98
180
149.707
147.401
46.736
47.155
1550118126908
1093.69
142.225
132.752
180
180
158.022
155.034
50.0811
48.4194
1550118127013
1111.77
150.665
116.155
179.966
179.98
154.794
151.902
51.5827
49.3767
1550118127060
1124.88
155.247
134.114
180
179.98
151.435
148.989
51.3982
49.4881
1550118127084
1140.28
159.884
148.591
180
180
149.251
148.482
50.9211
49.4394
1550118127111
1151.11
162.744
152.263
180
179.966
148.499
148.567
50.6244
49.2513
1550118127142
1163.74
169.847
149.824
180
180
147.666
148.289
50.6053
47.9239
1550118127254
1146.94
169.018
156.351
180
179.966
147.333
147.186
50.3094
48.0304
1550118127325
1063.55
168.014
149.731
179.98
179.96
139.046
136.672
49.7692
49.0532
1550118127413
1298.77
162.97
168.144
180
180
147.537
146.802
43.54
43.5998
1550118127693
1334.71
161.682
168.219
180
179.972
149.202
147.863
43.2898
43.3637
1550118127767
1018.15
134.44
145.124
179.972
180
147.816
147.671
52.272
51.2919
1550118127916
975.467
128.513
127.287
180
180
141.718
138.254
54.1773
53.2566
1550118127977
1024.87
156.86
147.175
180
179.972
140.411
137.594
52.4897
51.5208
1550118128013
1059.32
164.03
151.185
179.972
179.956
141.247
141.128
51.3345
50.3534
1550118128045
1076.21
168.412
153.968
180
180
140.684
139.713
50.7543
49.8299
1550118128078
1111.42
153.829
145.636
180
180
144.011
141.593
50.2821
49.9942
1550118128189
1112.06
157.715
146.134
179.98
179.98
143.576
141.272
49.9197
49.3348
1550118128260
1121.67
160.336
148.546
180
180
143.379
141.052
49.1794
48.5309
1550118128298
1149.96
159.84
148.056
180
180
141.292
138.058
48.7189
47.9518
1550118128350
1138.49
155.078
155.037
180
180
141.445
138.009
48.8724
47.5753
1550118128425
1181.44
153.321
146.999
180
180
140.889
137.142
49.2161
47.6678
1550118128451
1284.35
163.103
147.209
180
180
141.978
142.065
47.4808
45.4896
1550118128509
1289.88
157.23
158.124
180
180
142.823
139.529
47.0221
45.7005
1550118128543
1301.48
157.235
167.83
180
180
147.298
146.065
45.2723
44.1673
1550118128609
1235.89
136.269
156.854
180
180
148.608
142.674
44.9509
45.0135
1550118128644
1283.67
127.954
145.907
179.972
179.972
148.562
141.337
44.4806
44.3891
1550118128677
1272.66
101.381
115.099
180
180
147.676
134.383
45.1823
45.3594
1550118128711
1108.18
123.495
163.921
180
180
172.639
174.755
48.4782
50.2598
1550118128854
1240.94
92.584
117.269
180
180
154.274
140.267
45.2308
45.9442
1550118128952
1258.49
104.546
133.373
180
179.98
153.885
141.903
44.7856
45.4448
1550118128979
1244.58
116.091
134.017
179.98
179.98
152.567
141.176
45.0062
45.453
1550118128998
1204.94
93.9722
115.133
180
180
152.074
136.683
45.9913
47.0324
1550118129020
1156.26
72.4606
95.9787
179.98
179.98
158.973
145.259
47.5395
48.6292
1550118129047
1134.09
60.7423
111.398
179.972
180
165.39
157.904
48.1921
49.6905
1550118129078
1205.61
130.711
154.028
180
179.98
148.143
139.367
46.5137
47.3684
1550118129143
1214.74
141.741
154.209
179.98
180
146.37
138.4
46.845
46.7878
1550118129178
1249.98
147.716
165.28
180
180
145.26
139.827
44.9128
45.2642
1550118129211
1262.22
148.058
168.311
180
180
144.212
138.567
45.1193
45.6187
1550118129244
1262.69
132.297
157.467
179.98
179.98
144.096
136.168
45.2438
45.5882
1550118129321
1260.9
124.046
153.425
180
180
144.728
138.574
44.4082
44.5656
1550118129381
1258.14
132.189
149.871
179.972
180
144.491
136.346
44.1115
45.1187
1550118129478
1264.85
132.058
151.512
180
180
143.7
136.388
43.3939
44.6423
1550118129498
1258.65
132.032
147.954
179.972
180
144.066
135.149
44.0058
44.8573
1550118129520
1261.5
127.139
146.341
179.972
180
145.186
135.847
43.9676
45.0068
1550118129550
1267.72
125.664
143.6
180
180
147.532
139.336
43.3397
44.3894
1550118129614
1250.62
111.282
129.716
180
180
148.392
136.481
44.4188
45.0939
1550118129647
1273.72
124.864
146.374
179.972
180
149.564
140.59
43.6707
44.8161
1550118129681
1250
115.816
130.119
180
180
148.578
137.649
44.2311
44.5592
1550118129716
1244.2
108.028
134.374
180
180
152.214
143.276
43.746
44.5333
1550118129782
1230.93
101.913
124.363
179.972
179.972
151.961
139.881
45.195
45.777
1550118129815
1224.91
105.968
121.81
179.972
180
148.823
137.01
44.6304
44.9881
1550118129849
1114.81
100.872
155.64
180
180
147.883
143.538
47.3205
49.5534
1550118129916
1080.51
115.743
141.803
179.972
180
146.892
143.055
48.4641
50.1008
1550118129965
1200.45
48.1853
110.005
179.972
179.972
161.029
156.219
44.9553
46.7927
1550118130017
910.181
79.8548
83.856
180
180
108.577
106.846
48.9655
50.1901
1550118130120
918.031
72.1817
77.9077
180
180
134.093
155.024
48.7548
48.552
1550118130154
1085.43
99.0485
96.6008
179.972
179.972
122.304
101.921
46.5128
46.0821
1550118130251
1194.36
90.9577
95.7788
180
180
137.844
120.25
44.4021
44.1953
1550118130318
1167.89
82.8894
97.315
179.96
180
144.399
131.763
44.2057
44.6778
1550118130352
1105.29
32.1015
36.9448
180
180
160.214
158.548
44.8597
45.383
1550118130386
1028
95.1162
113.864
180
180
138.915
126.872
46.4484
47.1141
1550118130419
516.363
72.3503
72.3503
179.972
179.972
115.235
87.5852
0.0279765
0.0279765
1550118130565
513.041
66.9839
66.9839
180
180
144.76
88.384
0
0
1550118130632
1050.13
130.011
141.858
179.972
179.972
127.942
122.884
44.6516
44.6184
1550118130686
920.791
96.9281
98.7375
179.96
179.972
104.483
91.2626
48.154
47.8457
1550118130723
496.284
70.964
70.964
179.98
179.98
108.564
96.9824
0
0
1550118130865
499.65
64.8983
64.8983
180
180
121.714
115.464
-nan(ind)
-nan(ind)
1550118130927
491.298
63.0693
63.0693
179.98
179.98
146.503
99.4795
-nan(ind)
-nan(ind)
1550118130999
488.896
69.9504
69.9504
179.98
179.98
136.247
75.0462
0.0197823
0.0197823
1550118131023
1013.49
98.8187
109.655
180
180
120.209
99.6842
48.3417
48.8848
1550118131091
1028.71
118.48
139.947
180
180
136.529
125.65
49.3218
50.0029
1550118131126
921.955
111.632
119.527
179.98
179.98
135.613
119.754
52.5181
52.837
1550118131192
971.135
124.412
138.359
179.98
179.98
140.388
130.817
50.135
50.6862
1550118131286
969.737
109.557
126.368
180
180
141.592
129.402
50.2446
50.7898
1550118131328
979.209
109.967
126.915
179.972
179.972
141.078
128.788
50.1664
50.7308
1550118131353
992.199
135.487
142.818
180
180
118.236
104.693
50.222
50.7935
1550118131394
1004.64
109.847
127.441
180
179.972
124.436
115.31
50.0021
50.574
1550118131428
601.146
75.3656
75.3656
180
180
95.203
72.9615
0
0
1550118131510
427.16
73.0562
73.0562
180
180
109.427
79.9229
0.0197823
0.0197823
1550118131610
430.961
67.3354
67.3354
180
180
141.269
105.256
0
0
1550118131644
1066.78
137.345
149.705
180
180
142.208
131.525
45.8677
45.5548
1550118131763
1235.22
171.125
169.841
180
180
158.712
160.207
44.3746
45.3
1550118131891
1266.82
167.406
168.119
179.98
179.98
156.325
159.17
43.783
44.7294
1550118131959
995.381
85.4234
94.7103
179.98
179.98
135.564
118.903
48.7994
49.5298
1550118132053
1048.59
73.8711
83.256
179.972
180
151.214
139.722
47.3154
47.7834
1550118132078
1106.49
76.3229
110.176
180
180
158.109
143.551
45.5589
47.0946
1550118132112
1162.45
114.86
139.078
180
180
158.395
153.005
44.6618
44.8056
1550118132146
1164.92
146.597
161.924
180
180
165.897
169.154
46.1007
46.4152
1550118132212
1128.94
132.93
149.61
180
180
164.296
170.742
47.4412
47.7304
1550118132245
1156.02
119.57
153.764
180
180
145.572
140.477
47.058
48.0712
1550118132392
657.03
76.7425
76.7425
179.972
179.972
120.667
54.3232
0.0279765
0.0279765
1550118132549
1136.6
122.339
128.572
179.972
179.956
140.261
143.737
47.5815
48.1355
1550118132611
1113.29
104.011
116.855
180
180
138.606
146.3
48.5366
49.1133
1550118132645
1111.29
113.111
121.185
179.972
179.972
136.891
140.845
48.5391
49.1199
1550118132678
1076.37
76.697
104.384
179.972
180
127.864
135.78
50.1658
50.8081
1550118132820
1062.89
148.042
158.411
180
179.972
116.661
114.223
50.1403
50.7743
1550118132920
1050.86
167.294
168.333
180
180
171.144
171.015
47.2246
46.9548
1550118133080
1069.07
170.506
169.371
180
180
144.74
142.918
46.7557
46.4756
1550118133112
1139.59
158.076
151.242
180
180
136.417
131.673
45.2568
44.5948
1550118133143
1069.53
67.5118
66.3301
180
180
117.574
102.924
47.1505
46.4723
1550118133294
884.376
84.8193
82.3755
180
179.98
133.683
119.644
53.4319
53.0057
1550118133406
831.855
99.2516
111.066
180
180
109.399
86.51
53.8075
53.844
1550118133479
828.91
98.6873
110.892
179.966
179.966
107.117
88.1512
52.5258
53.1683
1550118133513
892.736
116.484
112.566
180
180
100.104
117.561
51.5923
50.7267
1550118133569
1082.02
150.584
158.512
180
180
147.73
143.239
47.8128
47.8123
1550118133613
1197.1
151.502
162.225
180
180
162.185
159.837
44.6377
44.7207
1550118133646
1237.91
147.68
161.065
179.98
180
163.872
163.731
43.6501
43.7226
1550118133678
1183.8
121.245
135.28
180
180
168.385
164.911
44.981
45.0645
1550118133746
1181.33
122.596
136.255
180
180
168.233
164.06
45.0398
45.1175
1550118133779
1221.35
163.966
171.85
179.98
179.98
163.989
167.293
44.6383
45.0315
1550118133879
1213.79
161.97
173.409
180
180
165.53
165.587
44.7113
45.9018
1550118133989
1199.66
162.222
170.017
180
180
160.588
161.662
45.6302
45.9648
1550118134052
1299.62
153.856
164.94
180
179.972
147.901
148.278
43.0628
43.3654
1550118134128
1053.86
98.713
95.98
180
180
103.042
13.1035
51.6255
50.2458
1550118134283
1039.14
98.713
95.98
180
180
104.143
11.437
51.8934
50.5003
1550118134370
1016.27
98.713
95.98
179.98
179.98
103.823
11.9849
51.7967
50.4085
1550118134420
854.31
69.1017
69.1017
180
180
123.707
147.19
-nan(ind)
-nan(ind)
1550118134578
837.319
69.0119
69.0119
180
180
118.853
147.33
0
0
1550118134667
775.191
67.0033
67.0033
179.98
179.98
159.988
85.1346
-nan(ind)
-nan(ind)
1550118134694
774.436
66.8378
66.8378
179.98
179.98
160.817
87.5453
0
0
1550118134722
799.145
66.9034
66.9034
180
180
161.137
87.5954
-nan(ind)
-nan(ind)
1550118134787
812.047
67.0088
67.0088
180
180
160.824
86.6536
0
0
1550118134821
817.048
67.1454
67.1454
180
180
160.029
85.0998
0
0
1550118134854
814.709
67.2538
67.2538
179.98
179.98
159.267
83.6878
0.0197823
0.0197823
1550118134888
793.034
67.9977
67.9977
180
180
153.925
80.263
0.0197823
0.0197823
1550118134921
807.595
69.6255
69.6255
180
180
152.972
85.1282
0
0
1550118134954
865.264
69.275
69.275
180
180
162.99
77.18
0
0
1550118135032
870.271
64.0222
64.0222
180
180
170.384
90.0769
0
0
1550118135152
869.796
64.424
64.424
179.98
179.98
170.646
89.2885
0.0197823
0.0197823
1550118135175
857.98
70.5266
70.5266
180
180
113.686
119.973
-nan(ind)
-nan(ind)
1550118135224
894.619
98.5103
95.8777
180
180
101.855
13.5228
55.7707
54.2114
1550118136431
918.637
155.405
124.779
179.972
179.972
109.147
66.5357
54.522
53.0338
1550118136587
815.847
109.312
104.623
180
180
108.917
52.9567
56.1627
56.1373
1550118136655
800.021
108.382
103.576
179.972
180
108.315
53.4889
56.525
56.4953
1550118136703
1409.31
110.892
107.812
179.972
179.972
162.706
166.037
60.0465
60.2617
1550118142834
1413.88
121.177
114.856
180
179.96
162.036
164.645
60.3323
60.3101
1550118142925
1413.59
122.345
118.181
180
180
162.378
165.313
60.3074
60.3823
1550118142985
1409.4
120.688
118.622
180
179.96
162.756
166.065
60.3372
60.5389
1550118143031
1407.53
118.54
116.364
180
180
163.06
166.351
60.3797
60.5705
1550118143072
1400.7
116.675
111.19
179.96
180
164.026
167.792
60.9053
60.9543
1550118143194
1404.64
118.914
112.196
180
180
164.301
168.053
60.9655
60.948
1550118143239
1407.05
120.531
114.39
179.972
180
164.49
168.096
60.9357
60.9223
1550118143273
1407.72
124.95
114.777
180
180
167.01
170.783
60.4824
60.1244
1550118143568
1393.28
127.291
118.997
179.952
180
164.731
169.316
60.405
60.0024
1550118143707
1382.15
127.402
118.793
179.972
179.972
162.863
167.336
60.1774
59.8321
1550118143785
1379.05
128.537
117.748
180
179.972
161.943
166.201
60.1625
59.6724
1550118143825
1368.65
127.209
114.477
179.972
179.96
161.455
166.205
60.0284
59.6627
1550118143858
1351.47
118.921
104.502
180
179.972
161.321
167.333
59.9579
59.5438
1550118143980
1333.85
112.912
96.0168
179.96
179.96
162.619
167.675
59.552
58.9046
1550118144029
1314.45
116.245
111.027
180
179.96
158.485
164.957
57.8087
57.7822
1550118144281
1320.09
103.623
119.237
179.972
180
157.656
166.612
56.6447
57.97
1550118144355
1308.07
96.1319
118.894
180
180
157.445
166.179
56.3948
57.9238
1550118144401
1261.77
76.0099
93.1042
154.71
179.972
160.434
121.209
56.4884
100.7
1550118144449
1261.17
154.408
87.4609
144.341
179.96
167.355
115.105
55.3756
79.3064
1550118144503
1284.47
141.481
102.869
139.478
179.96
172.37
123.429
53.6094
74.3347
1550118144531
1258.48
123.911
99.5869
135.658
180
172.931
129.405
52.8303
70.7667
1550118144565
1220.35
115.592
93.3293
134.995
179.972
171.279
131.751
52.5288
68.3988
1550118144598
1277.52
127.517
76.5442
135.191
179.972
170.861
127.372
53.2406
63.8577
1550118144632
1210.42
143.726
68.5465
152.739
179.972
171.928
118.365
51.7821
73.1026
1550118144787
1293.28
155.971
128.178
151.394
180
171.686
129.019
48.756
77.6754
1550118144846
1351.12
125.416
147.458
150.002
180
170.283
134.562
47.7783
79.6943
1550118144883
1416.38
108.144
164.062
153.818
179.972
168.869
137.877
46.7185
83.4259
1550118144921
1391.52
98.1487
155.123
153.826
180
168.058
140.867
46.9419
85.3437
1550118144957
1328.91
119.56
150.922
179.972
180
167.929
170.349
46.6826
44.9791
1550118145023
1262.99
76.5799
92.3265
180
180
167.006
164.902
48.1783
46.6742
1550118145069
1317.6
129.136
111.636
179.972
180
164.855
154.757
47.0243
46.3716
1550118145135
1298.54
120.925
118.289
179.972
180
160.5
152.46
46.2107
45.8061
1550118145213
1295.02
113.598
127.253
180
180
163.624
156.313
45.9312
45.953
1550118145291
1282.83
121.391
114.073
179.972
179.972
160.366
154.238
46.2623
44.8181
1550118145395
1276.72
84.5871
109.072
180
180
159.805
152.066
46.4666
45.9336
1550118145515
1270.52
70.5222
104.787
180
180
159.957
153.406
45.4918
46.7984
1550118145537
1308.32
143.622
110.049
180
180
160.086
156.097
45.0572
44.2801
1550118145585
1302.24
130.756
115.658
180
180
159.469
150.787
45.5838
45.0044
1550118145652
1305.18
135.684
149.424
180
180
157.385
153.606
44.4779
44.4978
1550118145728
1294.73
125.067
135.643
180
180
156.167
149.9
44.9135
45.1406
1550118145801
1292.4
110.161
134.587
179.98
179.98
156.147
153.731
44.9643
44.9213
1550118145894
1289.32
109.776
134.739
179.98
179.98
156.623
154.331
45.0011
44.9592
1550118145933
1284.87
119.474
146.622
180
180
159.487
155.453
44.885
45.1951
1550118145992
1271.99
126.592
152.623
179.98
180
163.315
159.773
45.0059
45.358
1550118146110
1270.88
128.922
156.293
179.98
179.98
163.501
160.122
44.9768
45.4574
1550118146131
1269.58
120.974
158.057
179.98
179.98
163.704
161.619
45.0131
45.4143
1550118146157
1260.6
140.968
103.472
180
180
163.962
153.944
47.5205
45.7707
1550118146220
1256.94
98.6814
145.881
179.98
179.98
163.887
160.966
45.6536
46.2855
1550118146254
1253.09
123.37
145.036
180
180
164.132
157.949
45.8238
46.3672
1550118146286
1253.55
170.993
136.8
180
179.98
164.769
160.972
46.2045
45.3364
1550118146319
1234.7
129.798
131.484
180
180
166.321
160.701
47.7655
46.3633
1550118146435
1211.81
120.17
117.583
180
180
166.532
159.283
47.8138
46.9021
1550118146548
1228.22
112.741
144.022
180
180
166.639
160.675
47.3791
47.4379
1550118146586
1214.52
142.365
128.137
180
180
166.653
161.626
48.2101
46.656
1550118146624
1184.04
101.663
133.107
179.98
179.98
163.98
162.727
46.8676
47.2446
1550118146730
1208.86
159.491
130.986
179.98
180
162.808
161.688
46.9638
46.2036
1550118146794
1185.54
114.956
129.161
179.98
180
161.963
164.768
47.1433
46.3381
1550118146861
1224.59
138.466
161.911
180
180
162.672
163.256
46.9719
46.7278
1550118146990
1226.67
111.605
162.943
179.98
179.98
162.603
166.433
46.9317
46.6907
1550118147030
1226.59
137.607
163.389
179.98
179.98
162.627
163.594
46.9105
46.6514
1550118147091
1223.43
132.238
163.337
180
179.98
163.128
164.189
46.888
46.7105
1550118147112
1189.94
132.608
106.466
180
180
164.173
170.695
46.6236
46.552
1550118147153
1191.74
135.862
144.725
179.98
179.98
164.56
162.664
47.7163
46.8056
1550118147266
1202.76
129.75
170.383
180
180
163.764
165.902
46.4976
46.752
1550118147338
1191.77
165.603
158.848
180
180
164.279
163.023
46.0567
46.8528
1550118147377
1190.78
163.247
143.368
180
180
164.003
164.613
46.4053
45.8496
1550118147413
1194.55
157.164
145.61
180
180
163.112
163.702
46.8456
45.9071
1550118147461
1200.76
137.453
166.603
179.98
180
162.676
166.352
46.9452
46.5596
1550118147526
1150.25
134.257
105.207
180
180
162.263
160.206
49.8293
47.3976
1550118147599
1151.53
150.489
123.638
179.98
179.98
161.479
158.718
48.6172
46.8754
1550118147624
1143.78
111.127
144.587
180
180
161.421
163.546
47.8171
46.892
1550118147656
1127.8
120.895
136.274
179.98
180
164.585
163.88
48.0389
47.4387
1550118147722
1110.75
118.09
118.212
180
180
166.177
164.828
48.8304
47.3009
1550118147757
1136
159.838
107.891
180
180
168.765
163.241
49.7744
47.3654
1550118147790
1133.32
153.15
98.8417
180
180
169.521
166.645
50.2702
47.4336
1550118147823
1130.16
146.838
93.041
179.98
179.98
167.567
163.377
49.6154
47.3098
1550118147857
1121.15
132.125
114.861
180
180
164.211
161.395
49.0395
46.8986
1550118147934
1111.96
100.689
94.42
180
180
164.623
175.887
45.9198
45.9377
1550118148074
1105.46
100.44
89.4437
179.98
180
165.464
176.866
45.9466
45.7129
1550118148150
1092.68
94.1451
85.0969
179.98
180
166.354
178.512
45.9934
45.8381
1550118148172
1079.24
84.9161
76.866
179.98
179.98
166.439
177.69
46.2583
46.1504
1550118148195
1144.55
143.809
107.81
180
180
166.938
159.6
49.0043
47.3449
1550118148260
1120.95
117.933
111.257
179.98
180
169.262
165.408
50.3896
48.952
1550118148332
1133.03
125.851
118.642
179.98
179.98
169.689
168.726
50.623
49.0668
1550118148395
1162.21
110.681
124.114
180
180
174.813
171.367
47.1896
47.5289
1550118148508
1190.07
146.981
149.312
180
179.98
170.312
172
47.6211
47.6321
1550118148574
1177.29
142.814
141.87
180
180
161.8
161.772
48.5943
47.8149
1550118148636
1185.36
157.413
128.133
180
180
152.451
152.235
47.9327
47.6337
1550118148659
1137.17
113.174
134.472
180
180
162.991
167.322
46.2645
47.4209
1550118148876
1155.12
116.743
153.089
180
180
162.257
164.258
46.9276
46.93
1550118148937
1119.88
104.693
121.76
179.98
179.98
162.162
166.075
46.9281
46.7538
1550118149010
1133.05
140.385
157.118
179.98
179.98
164.428
162.451
46.7966
47.2204
1550118149068
1131.3
126.349
156.287
180
180
161.834
156.614
46.5859
47.5648
1550118149107
1121.09
107.219
99.2207
180
180
163.368
152.318
47.2046
45.6286
1550118149164
1087.96
84.7397
85.1601
179.98
179.98
162.712
156.231
45.9291
45.2983
1550118149190
1083
94.8896
92.4689
179.98
179.98
152.904
136.969
47.0141
46.2591
1550118149267
1083.39
86.6446
95.9501
180
180
151.369
131.887
47.782
47.1119
1550118149301
1081.06
91.0316
93.4817
180
179.98
151.298
130.782
47.301
47.483
1550118149335
1116.48
96.0676
107.355
180
180
152.724
135.254
46.8221
46.9449
1550118149369
1130.62
136.45
112.577
180
180
154.039
154.3
45.3404
44.4859
1550118149402
1132.79
97.5918
100.584
180
180
157.823
141.364
47.5356
46.663
1550118149520
1156.8
102.329
120.133
180
179.98
158.427
146.973
45.4979
46.5359
1550118149607
1103.47
94.9139
98.3611
180
180
158.63
146.466
48.3319
46.7383
1550118149691
1110.59
98.8703
108.486
180
180
157.743
145.212
46.9174
46.6521
1550118149711
1099.14
106.336
105.542
179.98
180
156.893
144.228
47.8475
46.3768
1550118149736
1074.98
104.722
96.7757
179.98
179.98
156.393
145.837
48.8886
46.6801
1550118149758
1071.24
99.8025
108.284
180
179.98
156.241
145.275
48.5997
47.5584
1550118149789
1074.65
115.181
104.805
180
180
156.045
145.194
48.8569
47.4429
1550118149810
1070.67
116.607
109.269
180
180
155.86
145.163
48.4001
46.947
1550118149834
1060.52
114.763
122.094
180
180
156.307
148.102
48.8239
47.4252
1550118149873
1071.47
128.634
134.546
179.98
180
156.531
148.011
48.2678
47.4205
1550118149893
1083.2
120.917
148.526
179.98
180
156.998
149.925
47.4468
47.6617
1550118149923
1042.78
117.373
115.134
179.98
180
158.226
150.919
49.5111
47.6532
1550118149988
1065.27
111.715
131.755
179.98
179.98
159.596
150.844
48.7262
47.9813
1550118150022
1047.22
117.2
117.668
179.98
179.98
161.065
149.986
49.3473
48.3085
1550118150056
1090.25
128.791
142.468
180
180
166.246
159.313
49.051
48.2251
1550118150122
1098.49
121.364
142.381
180
179.966
168.241
160.907
49.0962
48.3866
1550118150168
1066.59
137.717
134.993
179.972
179.972
171.881
164.742
49.0217
47.8475
1550118150222
1105.64
128.407
133.563
180
180
173.187
165.163
48.8633
48.0486
1550118150256
1109.01
130.842
143.979
179.972
180
170.785
164.873
48.8414
48.3835
1550118150289
1076.06
140.006
149.591
179.972
179.972
168.466
164.309
48.8924
48.1765
1550118150322
1096.93
161.575
153.019
180
180
157.696
160.32
49.2996
48.1608
1550118150507
1099.23
154.764
166.521
180
180
158.607
157.591
48.5017
48.4888
1550118150589
1094.04
154.304
163.135
180
180
158.797
158.607
48.6906
48.4561
1550118150623
1088.62
155.888
165.699
179.972
179.972
159.021
154.733
48.2051
48.4062
1550118150650
1108.05
155.995
170.881
180
180
159.791
158.084
48.0673
48.1155
1550118150723
1093.42
153.456
163.941
179.972
180
160.336
156.613
48.4498
48.465
1550118150756
1087.13
152.098
157.269
180
180
160.496
158.924
49.178
48.2794
1550118150789
1093.86
153.569
165.372
180
180
162.138
155.974
46.9729
48.0135
1550118150822
1107.46
153.308
164.297
180
180
161.617
160.705
47.8803
47.7184
1550118150888
1147.29
152.491
165.254
180
180
165.407
159.013
47.761
47.6394
1550118151072
1181.26
174.705
154.781
180
180
162.33
165.96
49.7061
47.3133
1550118151157
1125.89
163.427
143.866
180
180
158.703
162.182
51.8579
49.1845
1550118151219
1027.05
156.946
149.279
180
180
155.889
150.337
51.7207
51.5148
1550118151256
1086.76
107.906
128.281
180
180
163.453
156.929
49.009
49.1247
1550118151359
1234.11
126.21
138.729
180
179.98
146.033
145.577
45.2439
45.3053
1550118151446
1329.65
118.338
131.644
179.972
179.972
143.962
142.785
43.5089
43.5408
1550118151482
1397.62
104.407
117.768
179.972
180
145.395
142.391
42.4691
42.4919
1550118151518
1326.3
96.9181
103.782
179.972
179.972
155.98
148.161
44.0794
45.0408
1550118151640
1349.9
100.33
117.166
180
180
158.713
148.527
45.2559
45.2103
1550118151762
1298.27
84.8984
82.0937
179.972
179.972
155.624
136.538
47.7253
47.4408
1550118151793
1243.19
63.9061
65.4578
180
179.972
160.199
134.769
49.3161
49.5878
1550118151814
1271.49
80.241
71.1211
180
180
160.752
142.564
48.9984
47.2634
1550118151835
1306.89
96.8105
101.787
180
180
159.477
148.695
46.7798
46.0785
1550118151857
1302.55
107.006
100.675
179.972
179.972
155.96
144.122
47.0511
46.4853
1550118151889
1300.36
127.11
113.887
179.972
179.972
153.816
144.46
46.8969
46.102
1550118151923
1230
122.288
120.101
180
180
160.259
152.352
48.0162
46.8159
1550118151997
1199.02
121.554
115.648
180
180
160.053
151.792
47.9462
46.8565
1550118152056
1169.75
115.162
101.516
179.972
179.972
158.296
148.129
48.3794
47.1975
1550118152086
1204.76
107.987
88.8985
180
180
158.127
149.393
47.7282
46.0719
1550118152160
1230.77
114.243
97.7312
180
179.972
163.461
154.25
47.5239
46.2835
1550118152194
1231.13
129.365
148.545
180
179.972
169.169
162.633
47.0957
46.2789
1550118152257
1220.64
137.675
137.777
180
180
165.854
160.217
47.9716
46.1621
1550118152281
1242.2
134.636
116.028
179.972
179.972
158.66
152.517
46.5158
45.467
1550118152325
1286.82
121.806
138.425
180
180
152.922
153.658
42.0391
42.6555
1550118152359
1331.87
144.641
177.49
180
179.972
147.919
144.523
41.8396
43.2097
1550118152393
1270.17
113.617
112.782
180
180
146.644
135.478
45.2472
45.4698
1550118152426
1278.85
117.871
105.107
180
179.96
147.043
138.074
45.7471
45.3103
1550118152459
1306.33
123.658
96.8756
180
180
152.756
141.775
46.85
44.9601
1550118152572
1262.88
97.6809
98.9142
179.972
179.972
151.087
136.967
45.9345
45.6896
1550118152624
1285.08
96.5277
111.483
180
179.972
148.594
134.308
44.5934
45.239
1550118152663
1293.85
91.3911
77.8068
180
180
152.367
138.653
46.5144
44.1143
1550118152739
1258.1
68.9101
58.0395
180
180
155.565
147.69
46.5292
44.0155
1550118152791
1310.07
99.2394
73.1375
180
179.972
147.966
139.985
44.686
41.0956
1550118152830
1306.12
81.0705
69.8881
179.972
179.972
147.716
141.755
44.6826
40.3566
1550118152939
1311.13
75.9737
75.2515
180
180
151.542
143.869
44.9961
40.794
1550118153007
1332.37
74.7524
81.1033
179.972
179.972
154.633
148.609
44.7053
41.0117
1550118153043
1341.32
76.7934
84.518
179.956
180
155.288
149.819
44.5836
40.9685
1550118153077
1378.25
107.167
70.4514
180
179.956
155.351
141.413
45.6768
42.9663
1550118153112
1326.92
83.8367
72.7628
180
180
154.21
135.57
45.8757
44.9196
1550118153207
1328.22
92.2314
69.3785
179.972
179.956
154.692
140.345
46.2041
44.1561
1550118153324
1329.38
91.2879
64.7927
180
180
157.464
142.447
46.9664
44.3571
1550118153345
1326.83
89.47
60.3506
179.972
179.972
159.164
147.551
46.9654
44.478
1550118153371
1344.09
101.827
61.9254
180
180
159.643
150.351
47.2152
43.6731
1550118153435
1281.7
85.7039
65.137
180
180
157.675
144.664
47.355
45.992
1550118153543
1276.82
91.6917
69.9058
179.972
179.96
153.991
140.291
47.0492
45.3811
1550118153614
1275.55
92.9781
71.2947
180
179.96
154.091
139.62
47.022
45.7636
1550118153668
1257.93
94.9799
77.9082
180
180
152.222
137.784
46.848
45.99
1550118153724
1272.49
118.729
83.8663
180
180
150.135
137.826
46.6606
44.729
1550118153826
1266.35
117.886
84.9775
180
180
149.244
136.564
46.5169
44.6361
1550118153857
1225.77
95.9885
84.1369
180
179.96
149.386
133.998
46.5075
45.9773
1550118153937
1220.3
89.3253
83.536
179.96
179.96
149.953
143.177
46.3705
43.6611
1550118154043
1285.6
111.335
75.4562
179.972
179.972
151.4
143.165
46.4832
42.7588
1550118154173
1288.21
100.645
69.3484
180
180
153.057
146.19
46.4674
42.7206
1550118154206
1305.38
99.0046
71.0773
180
180
154.393
148.218
46.2631
42.3802
1550118154240
1362.7
78.5802
63.8003
180
180
153.756
151.836
43.9045
38.5961
1550118154390
1356.14
78.0586
73.8603
180
180
155.683
147.552
44.1893
38.9828
1550118154442
1418.86
100.329
77.5727
180
180
154.925
142.229
43.1695
41.1087
1550118154529
1418.74
95.7126
74.2815
180
180
154.259
141.022
43.002
40.9888
1550118154568
1384.91
78.4246
71.8655
180
180
160.199
144.292
44.2337
43.6453
1550118154742
1407.68
91.0668
93.1125
179.972
179.972
156.824
147.678
42.4003
39.9542
1550118154859
1396.57
92.8641
80.5052
180
180
155.226
141.628
43.4836
41.2691
1550118154893
1381.35
84.0242
90.1972
179.966
180
152.966
140.125
42.1764
41.4316
1550118154963
1362.92
82.9168
74.9342
179.972
179.972
153.127
138.165
43.9329
41.5593
1550118155021
1409.98
120.393
71.6655
180
180
154.01
140.755
44.623
41.1799
1550118155101
1383.84
91.6832
96.9218
180
179.972
153.921
149.56
42.6688
38.7601
1550118155169
1382.62
94.7823
83.6089
179.972
179.972
154.361
145.532
43.591
39.6141
1550118155226
1381.45
92.669
83.6289
179.972
179.972
155.938
147.515
43.6976
39.7586
1550118155261
1383.26
79.8383
91.4538
179.972
179.972
157.959
153.811
43.2253
39.3933
1550118155298
1376.02
84.8066
68.4116
180
180
157.827
142.756
44.4859
41.8119
1550118155391
1398.01
75.8422
95.2896
179.972
179.972
157.804
153.211
42.7387
39.4614
1550118155425
1380.04
86.3563
70.2983
180
180
157.709
143.709
44.4226
40.9692
1550118155459
1409.01
79.9979
100.928
180
180
157.699
152.671
42.5586
39.3725
1550118155492
1390.04
87.5339
71.7227
180
180
158.065
144.534
44.1893
40.7979
1550118155559
1404.01
76.8251
95.5536
180
180
157.545
155.282
42.5711
38.9921
1550118155625
1387.54
78.7631
97.5724
180
179.972
155.732
153.593
42.7175
39.0285
1550118155734
1335.72
93.6768
73.2356
180
179.972
152.699
139.859
45.3842
41.4154
1550118155852
1294.74
85.866
76.5714
180
180
153.514
147.693
45.4806
41.1647
1550118155892
1278.52
101.922
70.0026
180
179.96
153.162
139.655
47.0974
44.9374
1550118156099
1259.66
93.0878
70.8092
180
180
152.969
137.46
47.1919
45.9635
1550118156149
1257.71
94.2653
73.6527
179.972
179.972
153.275
139.658
47.2292
45.5045
1550118156203
1249.63
99.2906
78.2107
179.96
180
151.901
139.433
47.2548
45.2677
1550118156261
1223.75
93.7297
82.242
179.972
179.972
149.666
135.049
47.0975
46.2688
1550118156312
1233.18
106.423
84.4252
179.98
179.98
148.926
135.865
47.0182
45.526
1550118156404
1232
91.7763
77.1887
180
179.972
150.38
135.484
46.9112
46.2038
1550118156568
1280.28
79.7449
74.231
180
180
151.911
151.342
45.2719
40.6523
1550118156638
