1228.98
116.05
126.281
179.952
180
142.588
144.108
58.0067
58.5184
1550117607874
1138.35
104.967
117.333
179.96
180
134.779
133.685
60.1195
60.9695
1550117607938
1216.32
117.699
115.038
179.972
180
140.318
139.94
59.2649
59.3606
1550117608103
1230.73
119.622
119.802
179.96
179.972
141.679
141.448
58.8242
59.0437
1550117608154
1238.71
111.576
116.134
179.96
179.972
143.417
143.342
58.4607
58.9136
1550117608228
1239.81
111.648
115.457
180
179.96
143.479
143.386
58.3052
58.721
1550117608270
1225.5
104.975
115.842
179.972
180
143.378
143.784
57.075
57.8145
1550117608405
1242.74
103.773
113.844
180
180
143.708
144.08
56.622
57.3534
1550117608485
1163.01
79.7066
104.102
180
180
137.461
137.561
57.2392
58.6734
1550117608591
1134.51
87.0017
100.193
179.956
180
131.928
131.852
57.763
58.8733
1550117608664
1127.35
88.9684
103.218
179.972
179.966
130.154
130.179
57.7366
58.9438
1550117608708
1109.99
94.6842
108.867
180
180
126.876
127.341
57.83
59.0918
1550117608765
1103.42
96.651
112.418
180
180
125.554
126.337
57.8961
59.2102
1550117608810
1095.04
98.2545
115.636
179.972
179.972
123.888
124.977
58.0669
59.4245
1550117608854
1037.1
97.2351
130.583
179.972
141.337
120.846
70.6386
83.7946
60.089
1550117608923
1013.81
103.195
123.079
180
149.527
119.406
74.9464
87.4624
60.4952
1550117608968
983.198
107.193
101.663
180
134.471
117.414
76.5753
87.6408
61.131
1550117609029
967.96
110.287
94.3408
180
133.637
116.316
79.7273
88.2317
61.4819
1550117609062
931.595
112.788
95.114
180
69.8429
114.24
84.3312
71.4576
62.4423
1550117609130
919.178
115.444
95.8143
179.972
71.6831
112.745
84.6916
71.7865
62.7827
1550117609164
905.875
116.788
99.1529
180
73.4849
111.346
84.0894
72.2177
63.1109
1550117609202
883.204
115.313
101.946
179.98
76.4454
109.585
83.1563
72.4831
63.6294
1550117609229
858.324
115.662
87.0043
179.96
76.9793
107.653
86.3748
72.5682
64.0707
1550117609295
838.356
115.061
95.8379
179.966
76.3357
109.893
84.407
72.513
64.1634
1550117609329
1039.99
158.122
151.714
179.972
179.972
144.965
144.086
59.6576
59.9264
1550117609395
1157.17
144.153
153.007
179.98
179.98
150.101
151.048
57.107
58.0881
1550117609463
1013.48
98.0028
121.106
180
180
137.615
140.428
60.2354
62.5723
1550117609547
1120.12
123.404
150.629
179.98
179.98
147.767
150.648
57.9413
59.5147
1550117609579
1211.55
137.946
175.009
180
180
154.794
159.453
55.983
57.2511
1550117609613
1300.61
149.958
175.764
179.98
179.98
158.004
154.668
54.1721
54.4617
1550117609681
1304.74
153.264
125.249
179.98
179.98
164.313
157.262
54.5736
53.8182
1550117609713
1326.58
143.84
101.105
180
180
162.797
154.225
54.6191
53.8215
1550117609780
1327.32
152.82
124.411
179.972
180
155.741
147.721
54.3778
53.9265
1550117609918
1335.94
168.777
134.727
180
180
156.559
150.748
54.239
53.6791
1550117609985
1308.81
141.144
132.893
179.972
179.972
159.231
149.487
54.4384
54.6351
1550117610014
1266.39
146.496
131.703
180
180
163.897
158.95
54.1566
54.4139
1550117610048
1605.47
83.7466
81.3439
180
180
147.464
129.8
48.1133
46.9095
1550117610513
1619.21
101.09
81.2717
179.98
179.98
148.34
130.8
47.8541
46.3013
1550117610548
1557.35
74.9082
88.3515
179.98
179.98
146.328
128.386
47.4415
46.4432
1550117610580
1572.19
88.6733
94.5836
180
180
146.811
127.022
47.1083
47.4013
1550117610613
1562.66
80.4589
90.0063
179.98
179.98
147.092
127.651
47.4417
47.9848
1550117610649
1460.32
93.521
106.801
179.98
180
149.434
144.479
50.0162
50.4974
1550117610824
1355.52
150.7
153.383
179.98
179.98
143.66
143.309
51.1623
51.1294
1550117610889
1488.21
102.661
118.565
179.98
180
129.596
120.998
48.0633
48.6208
1550117611012
1536.53
86.3455
90.9377
179.98
180
131.823
112.567
47.5643
47.6396
1550117611032
1217.48
115.415
124.405
180
179.972
147.264
149.8
53.2953
53.9733
1550117611865
1366.79
122.146
128.107
180
180
151.093
142.443
50.6616
50.694
1550117612055
1293.85
91.064
131.957
179.966
179.966
133.32
120.729
52.8991
53.2971
1550117612126
1300.59
79.6563
134.996
180
179.972
134.595
124.003
52.6532
53.4139
1550117612187
1405.81
109.026
157.533
180
180
136.633
128.981
51.0281
51.8953
1550117612228
1450.16
94.4759
122.854
180
180
137.966
127.083
50.3313
50.4411
1550117612265
1505.34
93.7769
121.058
180
180
134.929
123.261
48.5246
48.9832
1550117612300
1577.32
86.592
118.006
180
179.98
135.619
121.026
47.1129
48.1506
1550117612355
1549.29
83.7828
109.136
180
179.972
132.214
113.937
46.9431
48.2436
1550117612393
1178.63
107.921
132.074
180
180
156.412
149.29
52.9646
53.6864
1550117612943
1491.64
113.015
120.705
180
180
135.775
121.425
49.1221
49.4555
1550117613512
1597.42
91.6548
115.038
179.972
179.972
131.206
112.119
45.9846
46.9261
1550117613597
1595.65
96.8086
118.335
179.98
180
137.775
120.727
47.9593
48.9617
1550117613705
1225.69
110.848
134.978
179.972
179.972
155.821
155.954
52.1031
52.569
1550117613858
909.842
133.487
117.197
180
180
176.785
170.378
60.3787
59.6619
1550117614027
875.076
145.317
145.563
180
179.98
147.619
138.557
59.7233
59.6925
1550117614138
993.466
159.765
170.737
180
180
154.626
152.662
56.1949
56.6311
1550117614215
994.393
169.926
170.329
179.98
179.98
144.738
148.148
56.7617
56.4894
1550117614325
1016.24
150.181
157.254
180
180
147.768
148.701
56.1619
55.8836
1550117614391
996.174
142.891
146.705
180
180
145.844
150.667
56.5623
56.3941
1550117614452
1120.57
167.851
164.77
179.98
179.98
143.192
145.299
54.2218
54.3028
1550117614513
1091.9
114.562
149.083
179.98
179.98
139.549
139.573
54.3142
53.2098
1550117614544
1139.67
117.725
150.771
180
180
133.572
132.49
51.8412
51.4417
1550117614604
1242.44
145.791
156.671
180
179.972
131.071
138.562
48.7827
47.4714
1550117614628
1269.89
137.482
132.7
180
180
130.086
137.802
47.5318
47.6331
1550117614651
1363.77
133.875
127.092
179.98
180
111.867
134.111
45.7655
45.8607
1550117614680
1395.85
146.014
160.771
179.98
179.98
130.142
132.057
42.8118
43.0127
1550117614755
1441.24
119.137
116.135
180
180
133.747
122.94
44.2852
45.1483
1550117614858
1418.9
155.025
160.096
179.98
179.98
113.624
110.948
44.1705
44.7592
1550117614938
1415.73
113.091
109.73
180
180
133.186
120.336
45.4246
44.9806
1550117615013
1370.84
107.847
97.217
180
180
131.705
122.286
46.317
46.1844
1550117615108
1445.79
168.725
146.973
180
180
141.075
137.407
46.1619
44.9877
1550117615131
1451.52
156.211
145.225
180
180
139.051
132.708
45.8762
44.7616
1550117615156
1525.78
92.7433
108.865
180
180
134.537
122.369
46.6592
46.14
1550117615248
1613.44
134.23
156.721
179.98
179.98
124.099
123.91
38.8405
39.347
1550117615314
1566.34
139.583
157.832
180
180
123.041
116.135
40.5767
41.6672
1550117615348
1438.19
144.018
145.571
180
180
136.367
142.644
41.2013
41.1138
1550117615467
1572.98
85.69
106.066
180
180
126.902
103.716
44.3163
45.028
1550117615616
1514.87
98.1161
125.027
180
180
136.571
128.251
46.3686
45.9274
1550117615663
1531.51
93.1637
84.2641
180
180
137.145
123.157
43.389
43.5429
1550117615793
1588
162.167
170.489
180
180
131.703
129.593
41.5702
42.4697
1550117615868
1067.99
124.312
158.981
180
180
156.981
149.868
53.9882
54.6619
1550117616158
1028.82
162.673
161.846
180
180
133.023
137.005
56.1978
56.7533
1550117616188
1000.66
155.953
156.761
180
180
130.94
137.732
57.2278
57.5613
1550117616213
1040.24
136.093
156.481
179.972
180
147.196
140.579
56.0533
56.9697
1550117616238
1147.87
143.43
159.118
180
180
163.495
162.763
54.4187
54.5567
1550117616489
1022.93
152.103
155.149
180
179.972
168.934
168.248
55.8069
56.4589
1550117616838
1005.84
151.15
164.238
180
180
163.904
165.918
56.6844
56.7566
1550117616925
1554.8
118.736
117.607
180
180
136.312
134.645
41.284
40.6921
1550117617061
1524.7
136.092
138.662
179.98
179.98
132.942
136.246
41.6175
40.8815
1550117617113
1621.13
118.222
116.717
180
180
142.068
133.92
44.3919
43.4972
1550117617187
1514.15
84.2102
86.333
180
180
144.77
149.668
42.406
41.9086
1550117617218
1482.86
73.549
74.983
179.98
179.98
142.578
133.404
44.9241
45.2862
1550117617257
1579.18
87.9518
92.0004
180
180
142.418
126.141
45.4146
44.7937
1550117617290
1504.96
98.7022
123.491
180
180
129.321
126.396
44.8
46.099
1550117617391
1550.04
88.8191
84.0792
180
180
140.149
123.982
44.5133
44.9183
1550117617511
1605.21
91.0334
81.7767
180
180
146.612
134.871
43.5672
43.8072
1550117617604
1561.78
87.0351
79.6012
180
180
142.927
128.629
44.0597
44.2978
1550117617662
1598.21
93.8795
83.0778
180
180
147.062
138.716
43.0732
43.4147
1550117617761
1555.57
86.7215
81.2586
180
180
142.234
126.485
44.6615
44.8326
1550117617978
1591.63
88.2967
83.6227
179.96
180
145.189
128.67
44.2932
44.3867
1550117618199
1535.82
81.8509
78.596
180
180
142.086
127.722
44.0738
44.3783
1550117618232
1350.22
65.7813
43.9548
180
180
141.971
131.825
48.3504
-nan(ind)
1550117618346
1372.66
78.3451
79.2075
180
180
143.072
132.089
45.1599
45.4535
1550117618531
1550.15
93.9896
91.2943
180
180
142.579
128.798
44.2402
44.6623
1550117618672
766.486
68.9802
68.9802
180
180
131.787
132.084
-nan(ind)
-nan(ind)
1550117618735
1359.41
63.4045
38.4756
180
180
143.307
126.551
47.7185
-nan(ind)
1550117618760
1526.11
89.9169
108.254
179.972
180
127.593
109.964
46.2255
46.7334
1550117618859
1481.39
82.442
80.8733
180
180
139.514
123.631
45.2625
45.7838
1550117619137
1554.27
80.3407
79.6732
180
180
148.585
133.399
45.2884
45.7493
1550117619245
1530.87
144.177
145.271
180
180
149.424
141.459
48.9359
49.6757
1550117619787
1559.51
146.468
153.326
180
180
162.636
160.405
48.2872
49.8837
1550117619814
1526.31
139.449
127.192
180
180
169.833
162.552
49.2472
49.8678
1550117619851
1538.24
145.532
142.63
179.98
179.98
165.091
157.431
48.5871
49.6356
1550117619884
1556.87
175.579
162.065
180
180
165.924
164.553
48.2943
49.0998
1550117619918
1469.08
137.713
140.044
179.98
179.98
154.518
145.286
49.8937
50.0212
1550117620027
1543.94
166.841
147.888
179.98
179.98
159.036
153.317
48.4926
48.3797
1550117620095
1157.59
148.027
165.229
180
180
137.323
139.008
50.9617
52.5557
1550117620287
1166.69
112.338
122.787
180
180
137.779
126.275
55.3897
55.7011
1550117620336
1350.98
115.475
161.101
180
180
146.205
137.841
49.4774
51.2016
1550117620501
1377.42
141.106
145.228
180
179.972
142.857
137.802
49.5579
48.1721
1550117620740
1422.85
113.477
163.752
179.972
180
140.091
131.946
48.3447
50.5973
1550117620853
1604.29
125.527
125.268
180
180
139.621
136.344
45.4267
44.6327
1550117621233
1370.23
65.867
41.4527
180
180
140.357
117.056
49.6692
-nan(ind)
1550117621405
1547.22
96.6773
129.062
180
180
140.466
127.007
46.4212
47.4953
1550117621607
1585.5
99.3764
104.835
180
180
136.996
117.882
45.8514
45.4894
1550117621701
1563.64
113.478
132.68
180
180
139.904
128.586
45.2295
45.6704
1550117621912
1652.87
121.053
118.395
180
180
133.855
116.046
45.7753
45.1221
1550117622247
1590.57
133.778
125.036
180
180
135.093
120.447
46.5542
46.027
1550117622360
1348.42
83.4763
86.9376
180
180
118.104
98.9505
48.7799
48.0969
1550117622385
1641.46
131.643
118.839
180
180
140.018
125.997
46.4167
45.6602
1550117622432
1400.46
124.122
173.484
179.972
179.972
163.659
156.821
48.6646
50.0145
1550117622759
1361.11
122.836
110.265
179.972
179.972
143.342
128.684
51.8671
51.9629
1550117622852
926.192
115.352
144.873
179.98
179.98
161.259
154.964
60.8203
62.0151
1550117622980
1139.67
94.3295
88.9053
179.98
180
159.291
170.658
55.3876
55.9279
1550117623177
1153.53
141.884
137.15
180
179.98
166.09
164.82
56.2185
55.575
1550117623210
1161.5
124.517
121.377
180
180
162.594
158.04
56.2734
55.9732
1550117623242
1203.03
122.047
116.765
179.98
179.98
159.56
146.708
55.5911
55.522
1550117623297
1204.62
130.607
115.656
179.98
180
165.726
170.948
55.9175
55.5952
1550117623347
1201.79
129.038
133.147
180
180
125.879
131.711
55.6876
58.0204
1550117623416
1277.85
95.6562
117.668
179.98
179.98
136.294
123.214
54.4018
55.31
1550117623530
1308.53
94.5756
128.01
180
180
135.06
122.196
54.2828
55.2088
1550117623572
1286.45
89.2833
108.349
179.98
180
135.317
117.932
54.9736
55.2609
1550117623615
1308.57
79.3059
98.6337
180
180
141.265
120.558
54.5716
55.0888
1550117623651
1581.89
138.705
135.195
180
180
160.819
158.573
51.0585
51.6512
1550117623766
1553.97
145.281
132.906
180
180
155.279
163.038
51.9329
52.7785
1550117623921
1556.56
138.303
128.736
180
180
159.9
157.677
51.0026
52.3624
1550117623954
1520.5
107.895
112.404
180
180
147.958
135.434
51.0178
51.8433
1550117623987
1519.13
103.813
107.841
180
180
135.615
121.295
50.9021
51.4126
1550117624025
1534.09
103
108.01
179.98
179.98
134.74
120.301
50.7234
51.2497
1550117624062
1538.78
91.4335
97.4639
179.98
179.98
139.573
123.873
50.78
51.4745
1550117624095
1532.97
85.27
87.6049
179.98
180
146.973
131.994
50.9074
51.6765
1550117624128
1544.2
91.4312
92.7761
180
180
153.222
141.812
50.8093
51.6508
1550117624159
1547.84
90.938
104.76
180
179.98
152.888
141.323
50.3111
51.7394
1550117624223
1533.14
95.5783
100.248
179.98
179.98
152.014
140.235
50.5889
51.495
1550117624257
1531.02
97.9852
102.416
179.98
179.98
151.402
140.021
50.4257
51.4303
1550117624289
1499.48
91.0318
91.7309
180
180
151.357
138.799
51.0006
51.6009
1550117624331
1500.68
91.8483
92.8989
180
180
152.277
140.092
50.8353
51.5124
1550117624367
1512.92
97.7789
98.5087
180
180
154.383
143.714
50.4745
51.2782
1550117624401
1516.1
92.0864
98.7903
180
180
155.069
143.79
50.4502
51.4441
1550117624434
1510.68
94.1547
94.2447
179.98
179.98
155.283
144.299
50.6488
51.4515
1550117624468
1508
93.0541
92.9883
180
180
155.371
144.075
50.8701
51.4547
1550117624501
1504.74
91.8318
91.9646
180
180
154
142.175
50.9158
51.5406
1550117624539
1510.07
91.3463
95.3552
180
180
151.907
139.78
50.7645
51.6347
1550117624576
1506.96
93.9182
94.8542
179.98
180
149.37
136.475
51.0327
51.6397
1550117624624
1477.38
93.3493
94.0293
179.98
179.98
150.537
137.93
51.5256
52.2338
1550117624820
1463.29
94.3717
94.4675
179.98
180
150.384
137.781
51.714
52.2876
1550117624891
1449.93
91.4034
91.36
179.98
180
149.635
136.362
51.8206
52.4053
1550117624950
1445.95
89.8987
91.367
179.98
179.98
149.074
135.589
51.8795
52.5156
1550117624994
1435.35
86.4558
89.1205
180
180
148.106
134.189
52.1739
52.793
1550117625033
1429.48
86.3021
87.6453
179.98
179.98
148.201
134.293
52.3091
52.8805
1550117625073
1430.68
86.6551
89.294
179.98
179.98
148.117
134.292
52.2487
52.8953
1550117625110
1437.58
95.2951
93.1997
179.98
180
148.511
135.553
52.3556
52.7082
1550117625194
1447.83
100.589
100.146
179.98
180
147.902
135.089
52.1195
52.5358
1550117625279
1450.08
102.729
101.391
180
179.972
146.967
134.262
52.2453
52.5477
1550117625304
1447.4
101.194
102.432
180
180
146.156
132.87
52.1032
52.5739
1550117625328
1448.51
103.574
102.529
179.98
179.98
145.366
132.679
52.1714
52.6645
1550117625355
1441.27
101.183
101.479
180
180
144.794
131.432
52.3323
52.6003
1550117625388
1438.82
100.794
101.323
180
180
144.512
131.221
52.3421
52.6383
1550117625423
1466.17
139.607
125.8
179.98
180
163.455
158.663
52.1191
52.7036
1550117625456
1481.66
158.935
137.461
180
180
159.594
166.034
52.2405
52.6626
1550117625489
1450.29
100.213
128.314
180
180
138.548
129.108
52.6838
52.9922
1550117625523
1441.72
127.686
132.191
180
180
157.162
165.271
52.9328
53.255
1550117625589
1464.95
129.176
130.014
180
179.98
165.243
167.261
52.5864
53.054
1550117625623
1505.64
129.501
109.277
180
179.98
169.656
165.956
52.0486
51.9187
1550117625690
1484.48
107.012
102.361
179.98
179.98
140.512
125.647
51.8856
51.8453
1550117625824
1437.12
93.7759
93.6741
180
180
144.041
128.492
51.7044
52.136
1550117625892
1460.06
91.5445
114.227
180
180
144.737
134.432
52.0722
52.2708
1550117625949
1444.08
83.8745
90.8309
180
180
133.844
110.517
51.2216
52.032
1550117626015
1527.66
97.7295
106.559
180
180
144.142
122.443
50.4675
51.0376
1550117626104
1487.1
85.0627
93.3043
180
180
135.974
112.603
51.2359
51.8671
1550117626173
1500.61
76.3276
97.8592
180
180
142.098
122.857
52.1679
52.414
1550117626209
1475.78
86.4986
100.857
180
180
144.387
120.944
51.1033
52.3924
1550117626245
1478.58
87.4856
106.839
180
180
147.036
126.578
51.9943
52.4897
1550117626330
1503.56
82.9119
118.891
180
180
146.659
127.413
51.0212
52.6427
1550117626395
1477.65
82.4151
107.682
180
179.98
146.989
129.093
52.1973
52.7696
1550117626430
1502.34
84.7499
112.187
180
179.98
150.019
133.363
51.3235
52.1232
1550117626615
1499.46
90.1606
119.176
180
179.98
150.512
134.631
51.0707
52.0816
1550117626705
1445.58
85.5448
98.5398
180
180
150.101
131.589
52.7764
52.5056
1550117626756
1451.8
86.2598
108.118
180
180
148.037
130.489
52.3764
52.5796
1550117626818
1454.39
92.1838
116.145
180
180
146.338
130.396
52.2265
52.5339
1550117626842
1447.62
93.1264
133.193
180
179.98
144.085
131.296
52.2909
53.0397
1550117626868
1364.04
97.0428
102.735
179.98
179.98
139.403
119.4
53.1692
53.5373
1550117626977
1395.94
106.752
120.56
180
179.98
140.688
126.283
52.0482
53.1699
1550117627032
1427.95
117.558
152.467
179.98
179.98
143.914
140.24
52.9642
53.2912
1550117627114
1421.7
144.072
159.364
180
179.98
148.436
144.235
52.3611
52.6076
1550117627172
1470.4
139.752
156.321
179.98
179.98
159.258
154.075
51.5908
51.8063
1550117627231
1471.05
117.034
144.826
180
179.98
159.952
153.916
52.1175
52.1384
1550117627258
1447.62
116.504
131.795
179.98
180
154.795
144.22
52.1393
52.3659
1550117627316
1423.85
97.3997
113.641
180
179.98
147.553
133.045
52.7601
52.7844
1550117627344
1393.26
100.437
105.478
180
180
147.045
130.618
52.7707
52.7925
1550117627372
1434.08
93.328
121.565
179.98
179.98
149.261
135.082
52.5022
53.045
1550117627403
1408.55
84.1354
110.668
179.98
179.98
149.63
134.867
53.3232
53.6791
1550117627485
1384.15
79.1915
104.144
180
180
148.352
129.406
53.4715
54.0558
1550117627576
1408.14
85.6359
118.865
180
180
147.471
129.611
53.1426
54.0042
1550117627640
1397.01
85.5714
109.682
180
179.98
148.58
128.616
53.6201
54.0324
1550117627666
1383.31
78.6103
100.533
180
180
155.439
135.525
53.9283
54.1193
1550117627723
1380.97
79.8602
103.173
179.98
179.98
154.708
134.476
53.7073
54.2449
1550117627756
1358.75
80.3549
99.7394
179.98
180
152.874
132.347
54.1903
54.331
1550117627822
1356.16
79.8518
98.8464
179.98
179.98
152.453
131.267
54.2444
54.4471
1550117627850
1353.97
81.8166
99.1708
180
180
151.34
129.642
54.3667
54.5043
1550117627880
1354.41
84.7894
101.47
179.98
179.98
149.79
127.971
54.4413
54.5817
1550117627907
1361.77
89.6411
109.907
180
180
147.866
127.702
54.2956
54.5911
1550117627933
1366.16
91.98
114.647
180
180
148.185
129.468
54.2892
54.6203
1550117627962
1365.53
89.2415
106.579
180
180
148.766
126.617
54.3898
54.6139
1550117627993
1387.59
94.0323
111.431
180
180
154.453
134.423
54.5612
54.9223
1550117628055
1416.5
139.437
94.1774
180
180
154.668
146.274
53.7399
52.6753
1550117628122
1356.65
128.108
125.295
179.98
179.98
136.009
125.692
53.7292
53.5827
1550117628196
1445.51
89.3525
114.341
180
180
174.529
159.801
54.1418
54.1294
1550117628284
1572.9
140.742
134.104
179.98
179.98
170.017
166.021
52.5879
52.3513
1550117628361
1643.03
159.705
125.082
180
180
155.943
148.021
52.0072
51.024
1550117628390
1504.8
124.972
155.925
179.98
179.98
152.635
154.875
50.2342
51.204
1550117628600
1505.24
108.025
138.348
179.98
179.98
138.684
142.79
50.9457
51.9382
1550117628735
1401.69
167.721
155.808
180
180
135.814
132.914
57.4815
56.7124
1550117628935
1424.52
148.386
136.73
180
180
141.425
142.008
57.3071
56.8001
1550117629027
1421.89
159.512
134.726
179.972
180
143.124
136.99
56.7066
56.225
1550117629069
1374.27
138.057
135.718
180
180
144.968
135.336
56.7245
56.4769
1550117629173
1520.01
109.901
104.548
179.98
179.98
148.494
134.132
54.3787
54.048
1550117629292
1574.85
95.7387
89.898
180
180
150.587
134.084
53.7116
53.3341
1550117629390
1528.56
86.9779
85.1401
180
180
150.563
133.272
53.6073
53.3841
1550117629423
1550.03
115.123
102.013
180
179.98
168.811
156.566
52.7362
52.419
1550117629456
1435.23
113.161
108.734
180
180
143.67
129.94
55.1645
54.8719
1550117629637
1492.87
108.88
96.4904
180
179.98
160.601
148.966
54.0532
54.1239
1550117629729
1535.04
104.989
101.121
180
180
142.317
127.266
53.7491
53.4665
1550117629843
1546.75
112.666
119.601
180
180
173.892
164.203
52.9696
52.7742
1550117629889
1556.55
152.4
128.727
179.98
179.98
168.685
166.008
51.7409
51.3403
1550117629913
1417.91
135.426
131.239
180
179.98
143.281
150.821
55.2403
55.0193
1550117630010
1582.48
113.969
100.396
180
180
141.364
129.915
52.3325
52.3352
1550117630211
1582.69
99.3489
103.922
180
180
162.732
163.129
51.3099
52.163
1550117630504
1685.84
123.737
100.747
180
180
155.131
151.447
51.4357
51.3621
1550117630675
1651.45
127.522
92.5368
180
180
155.303
148.286
50.9054
50.3902
1550117630835
1648.6
117.432
93.2787
180
180
155.479
147.11
51.1073
50.8894
1550117631682
1641.69
107.639
91.1899
179.98
179.98
155.352
149.465
51.1971
51.7029
1550117632640
1630.41
107.816
97.4399
180
180
146.516
144.448
51.5474
52.4382
1550117632980
1428.44
106.342
122.181
179.972
179.972
150.382
151.072
54.1768
55.4328
1550117633378
1486.64
128.276
118.753
180
180
154.12
142.557
51.9601
51.6095
1550117633500
1478.95
146.329
155.727
179.98
179.98
171.393
170.878
50.6369
51.2276
1550117633555
1437.26
124.174
104.377
180
180
153.001
138.104
54.2366
53.5761
1550117633771
1426.28
142.464
95.5758
179.972
179.972
157.209
144.122
53.5478
52.268
1550117633820
1353.69
79.1476
78.423
180
179.972
170.801
163.498
53.5305
54.6703
1550117633903
1386.68
95.3246
64.6615
179.972
179.972
172.019
167.317
55.0783
54.1967
1550117633974
1477.34
154.034
96.4043
179.972
179.972
150.211
140.357
53.4393
51.2014
1550117634177
1507.79
125.163
66.186
179.98
180
168.205
160.671
53.7116
51.4536
1550117634320
1506.8
119.537
68.7786
180
179.98
166.073
159.318
53.4124
51.1197
1550117634338
1550.64
135.912
77.6292
180
180
163.795
153.492
52.6958
50.9851
1550117634392
1561.19
129.079
84.3414
180
179.98
164.9
152.836
52.3055
51.4237
1550117634429
1589.61
161.555
101.439
180
180
165.538
157.333
51.9391
50.3449
1550117634467
1602.11
172.471
89.2749
180
180
165.677
156.484
52.2555
50.0986
1550117634512
1606.63
172.425
98.7054
180
180
166.197
157.619
52.1007
50.2705
1550117634557
1592.41
164.898
93.6687
180
180
166.289
158.724
52.6962
50.5326
1550117634602
1531.38
119.87
81.9074
179.98
180
165.58
158.401
53.4287
51.0635
1550117634662
1510.49
102.903
80.4846
180
180
166.117
159.945
53.7877
51.4577
1550117634780
1504.18
102.654
78.6442
179.98
180
168.992
161.805
53.9527
52.2121
1550117634853
1457.57
85.1155
72.6652
180
180
171.1
163.728
55.0783
53.1263
1550117634897
1446.02
87.3214
69.7257
179.98
179.966
169.914
161.79
55.5208
53.3746
1550117634931
1459.29
95.8108
75.159
180
180
169.699
164.968
54.2767
52.7841
1550117634997
1466.14
105.543
75.6368
180
180
169.541
162.448
54.9078
52.8942
1550117635032
1437.93
92.1455
72.6011
180
180
169.012
163.581
54.659
53.1607
1550117635065
1420.58
87.5344
68.4792
180
179.966
169.137
163.333
54.9554
53.6887
1550117635098
1380.87
76.7504
65.0468
180
179.972
170.901
162.032
55.9937
54.507
1550117635165
1374.78
76.3446
68.6325
180
179.966
171.758
160.404
56.5885
54.6756
1550117635214
1356.89
81.2066
69.6587
179.972
179.972
171.128
165.833
55.9308
55.2459
1550117635354
1351.66
81.5568
72.3566
180
179.972
169.692
162.328
56.3413
55.4502
1550117635380
1350.24
83.8779
70.4099
179.972
179.972
168.576
161.076
56.5494
55.4751
1550117635404
1341.42
82.3911
67.3953
180
179.966
167.76
159.711
56.7712
55.6804
1550117635435
1325.32
76.2858
67.8996
180
179.972
167.347
160.354
56.1913
56.0609
1550117635470
1317.03
73.0234
67.0115
180
180
168.453
161.696
56.0269
56.2691
1550117635502
1297.23
74.1047
60.4858
180
179.96
173.225
167.3
56.5565
56.7951
1550117635654
1273.13
73.4282
68.7085
180
179.96
172.478
160.775
55.6999
57.1274
1550117635735
1314.77
72.082
82.331
179.96
180
170.73
164.789
52.9825
55.2536
1550117635844
1333.87
79.1798
97.1798
180
180
171.378
165.387
52.5798
54.9641
1550117635869
1327.16
87.611
97.7257
179.972
180
173.296
168.018
52.7181
54.675
1550117635903
1323.59
90.1275
96.6448
180
180
175.696
170.13
53.1399
54.7358
1550117635937
1317.33
96.1407
90.0292
180
180
179.642
176.972
53.5129
54.7531
1550117636004
1318.04
98.7632
90.3228
180
180
179.336
178.279
53.6114
54.7344
1550117636038
1245.73
81.0148
73.4708
179.972
179.972
177.472
175.624
55.2723
56.0219
1550117636192
1268.1
87.1535
77.3753
180
180
176.875
176.69
54.7084
55.5122
1550117636277
1316.71
93.5466
87.266
180
179.972
172.368
171.674
53.4164
54.4127
1550117636409
1306.72
88.5798
82.7609
179.972
179.972
172.883
171.891
53.7711
54.7141
1550117636476
1304.14
86.2851
82.3478
179.972
180
174.862
174.306
54.049
54.9488
1550117636512
1328.63
98.7109
85.9106
179.972
180
176.416
176.624
54.0759
54.7164
1550117636577
1287.62
88.0693
77.2216
180
180
171.775
166.636
55.4152
55.6931
1550117636771
1296.62
93.1597
88.865
179.972
179.972
169.106
164.616
55.3014
56.4252
1550117636928
1277.57
95.497
88.9811
179.96
179.972
168.944
164.372
55.5682
56.3731
1550117636995
1286.98
120.784
109.28
179.972
179.972
169.198
165.813
54.6772
55.1767
1550117637103
1336.33
130.869
123.649
180
180
170.818
170.906
53.1951
53.8261
1550117637303
1381.32
123.427
117.252
180
179.972
169.03
165.752
51.1263
51.7732
1550117637403
1417.81
139.103
133.703
180
180
170.506
170.834
50.4197
50.5569
1550117637429
1471.86
146.664
119.005
180
180
173.942
174.891
49.2332
48.5512
1550117637461
1493.85
163.739
125.003
180
180
173.724
176.189
48.6636
48.4572
1550117637495
1483.86
131.235
113.186
180
180
170.596
172.627
49.1863
49.5459
1550117637529
1467.23
118.249
134.23
179.98
179.98
149.16
141.583
48.5819
50.1586
1550117637636
1477.86
109.696
141.623
180
179.98
150.181
144.064
48.7156
50.6398
1550117637691
1455.53
99.2513
99.6066
179.98
179.98
173.015
168.096
49.1759
49.4258
1550117637768
1507.36
144.592
105.557
180
180
161.456
156.043
48.4664
48.754
1550117637838
1315.98
140.559
136.807
179.96
179.96
165.152
161.481
48.4824
48.4227
1550117637962
1351.98
147.484
159.26
180
179.972
152.603
150.801
49.6688
49.0351
1550117637995
1350.1
148.21
161.737
180
180
152.953
147.322
49.2072
49.843
1550117638029
1305.85
137.999
157.493
180
180
165.729
160.761
50.1927
50.2708
1550117638096
1271.47
141.01
137.057
179.972
179.972
177.927
179.214
50.6551
50.7495
1550117638133
1255.36
85.7455
94.0593
180
180
165.491
157.005
50.8672
50.9492
1550117638167
1370.95
76.5862
123.133
180
179.972
172.454
176.034
50.2334
50.9091
1550117638230
1424.2
110.553
138.88
180
179.972
168.255
177.374
49.7477
50.6291
1550117638332
1446.11
115.822
150.989
179.972
180
165.172
172.63
49.2251
49.9637
1550117638384
1428.97
113.25
149.57
179.972
179.972
154.954
161.834
47.6206
48.0257
1550117638462
1434.72
120.426
156.116
180
180
156.355
161.298
48.0778
48.0246
1550117638496
1423.21
124.667
156.171
180
180
156.87
162.806
47.239
47.3432
1550117638562
1414.18
133.953
159.366
179.972
180
154.352
158.157
47.6394
47.0123
1550117638596
1337.39
99.3846
108.589
180
179.972
161.727
172.984
48.4349
48.9188
1550117638695
1376.89
109.803
136.874
180
180
170.016
174.573
49.7061
50.4048
1550117638729
1349.55
116.351
128.801
180
180
176.949
166.782
50.8937
51.4695
1550117638762
1341.71
119.084
130.506
179.98
179.98
178.302
165.675
51.1861
51.7468
1550117638796
1305.09
117.724
118.667
179.98
179.98
176.089
167.754
51.4863
51.6995
1550117638829
1302.47
111.794
123.76
180
180
174.832
171.186
51.0326
51.5678
1550117638895
1256.88
171.677
169.264
180
180
160.94
162.956
51.5838
51.8355
1550117638962
1291.8
156.595
153.748
180
180
169.401
172.225
51.3341
52.2899
1550117638996
1268.34
98.5045
111.595
180
180
172.094
172.007
51.56
52.0983
1550117639029
1242.64
114.76
116.555
180
179.98
170.333
166.51
51.9955
52.2737
1550117639063
1256.83
115.677
125.272
180
180
170.826
168.034
51.7398
52.2334
1550117639129
1255.19
120.619
120.126
180
179.98
170.35
173.374
51.8258
52.4812
1550117639163
1254.98
114.334
111.758
180
179.98
172.51
171.968
51.8815
52.2864
1550117639237
1240.45
105.821
104.642
180
180
173.701
170.443
52.0425
52.4349
1550117639305
1252.13
107.889
115.54
180
180
174.915
174.038
51.9577
52.1124
1550117639374
1268.77
92.2695
129.917
179.98
180
173.795
175.118
51.5067
52.4503
1550117639477
1255.9
93.3029
121.688
180
180
175.823
171.908
51.7787
52.6908
1550117639567
1257.58
92.5743
123.192
180
180
176.244
171.081
51.7241
52.7656
1550117639599
1226.44
90.3334
103.764
180
180
176.452
168.124
52.127
52.8584
1550117639633
1248.83
90.479
117.493
180
180
176.568
170.909
51.973
52.9047
1550117639700
1239.01
90.8078
111.402
180
180
176.563
169.625
51.9847
52.9025
1550117639767
1223.03
90.326
101.874
179.98
180
176.43
168.283
52.2276
52.9157
1550117639800
1250.14
115.063
118.818
180
180
176.389
173.03
51.9081
52.391
1550117639868
1245.94
92.8277
115.925
179.98
179.98
176.382
171.321
52.0695
52.8121
1550117639903
1242.44
91.9862
113.692
180
179.972
176.404
169.891
51.9291
52.8524
1550117640006
1232.02
90.2292
107.168
180
180
176.407
168.931
52.0714
52.9185
1550117640071
1248.6
99.4687
117.655
180
180
176.41
170.903
51.8808
52.6141
1550117640098
1239.57
103.947
112.854
180
180
176.185
170.986
51.9946
52.5292
1550117640137
1244.16
102.21
115.685
180
180
175.765
172.816
52.1882
52.6379
1550117640209
1242.95
109.775
113.247
180
180
175.739
173.341
52.1605
52.601
1550117640277
1245.03
103.266
112.955
180
180
176.098
171.656
52.137
52.6497
1550117640378
1245.5
112.534
111.646
179.98
179.98
176.262
172.138
52.1589
52.5381
1550117640449
1229.74
103.072
102.577
180
180
176.448
168.926
52.4597
52.6874
1550117640541
1242.9
111.643
105.73
180
180
176.697
170.027
52.3736
52.6147
1550117640574
1245.15
114.188
107.526
180
179.98
176.702
170.625
52.3875
52.6261
1550117640608
1232.38
107.676
105.259
180
179.98
176.45
170.352
52.5318
52.8005
1550117640642
1205.71
108.788
113.571
179.98
179.98
157.868
170.759
51.136
51.7548
1550117640817
1183.57
109.726
110.413
180
180
151.479
163.353
50.0914
50.7423
1550117640882
1170.18
112.212
122.597
180
180
147.72
159.191
49.5441
50.4248
1550117640956
1153.73
129.997
126.034
179.98
179.98
138.414
152.248
47.3956
48.239
1550117641022
1125.38
145.206
153.768
180
180
121.248
126.231
45.5922
47.5517
1550117641111
1097.79
138.722
141.058
179.98
180
121.208
129.277
44.856
46.6899
1550117641145
1089.12
140.256
150.399
180
179.98
118.08
127.344
45.2147
44.6938
1550117641178
1057.27
135.73
140.267
180
180
108.833
127.03
40.8435
41.3411
1550117641245
1024.67
151.567
162.56
180
180
136.972
134.492
39.265
39.3697
1550117641396
1124.92
156.591
164.761
180
180
127.061
133.877
36.9805
36.0857
1550117641519
1251.37
153.06
146.705
180
180
123.928
129.586
35.14
33.0838
1550117641548
1311.43
162.978
134.517
180
180
117.33
118.807
33.2939
30.9568
1550117641596
1330.96
164.673
132.788
179.98
179.98
115.531
114.889
32.6737
30.34
1550117641629
1394.64
164.327
124.242
180
180
114.456
109.86
31.0866
29.054
1550117641696
1415.91
159.597
111.555
180
180
116.851
110.335
31.0975
28.927
1550117641730
1296.65
64.8123
65.1922
179.98
179.98
140.476
148.804
32.7333
31.8035
1550117641839
1291.14
122.397
108.523
179.98
180
134.635
134.991
34.4102
32.106
1550117641906
1278.79
130.888
117.784
179.972
180
133.632
136.443
33.8256
32.6978
1550117641949
1225.78
96.7067
81.2904
179.972
179.972
146.841
148.01
39.5417
39.1337
1550117642032
1231.79
112.239
69.4907
179.972
180
146.574
151.116
39.6624
40.0238
1550117642097
1207.15
112.862
71.4771
180
180
145.758
145.756
40.7909
40.8303
1550117642164
1195.35
109.216
69.9443
180
180
146.586
146.596
40.7904
41.3141
1550117642198
1163.25
56.6
69.4766
179.98
180
151.354
142.968
43.7639
42.7197
1550117642377
1182.79
74.86
69.6194
180
179.98
151.062
144.637
43.6205
42.4393
1550117642549
1168.82
104.35
76.7283
180
179.98
150.967
145.149
43.3157
42.0686
1550117642580
1139.56
115.222
80.9735
180
179.98
150.223
144.149
43.2687
42.1315
1550117642631
1135.06
119.94
83.6186
180
180
150.103
144.11
43.1987
42.1742
1550117642665
1134.71
121.118
85.3032
180
180
150.056
144.192
43.1654
42.2855
1550117642699
1131.3
105.625
77.9268
180
180
150.181
144.866
43.3647
42.5821
1550117642735
1130.53
95.0008
74.7436
179.98
179.98
150.026
145.785
43.2853
42.813
1550117642765
1123.04
86.0767
71.8132
179.98
179.98
150.325
147.647
43.3396
43.1223
1550117642841
1115.12
85.7721
69.539
180
180
150.068
147.675
43.536
43.2216
1550117642915
1093.12
90.5577
66.7466
180
180
150.179
148.852
44.1405
43.3222
1550117642953
1072.83
93.4288
66.977
180
180
150.072
149.822
44.4166
43.5806
1550117643006
1071.08
99.9569
68.8395
180
180
149.69
149.446
44.4472
43.6633
1550117643056
1071.75
107.425
72.0066
180
180
149.262
149.221
44.5683
43.8093
1550117643081
1074.28
107.711
73.2023
179.98
180
149.057
149.142
44.6405
43.8942
1550117643106
1085.46
111.03
77.0535
180
179.98
148.546
149.37
44.6632
44.0816
1550117643207
1082.3
108.705
77.9657
179.98
179.98
149.05
150.524
44.5879
44.1309
1550117643268
1068.51
116.942
81.8667
180
180
147.953
149.78
44.6882
44.1294
1550117643333
1052.12
123.194
86.2945
179.98
179.98
147.499
149.825
44.6686
44.1024
1550117643442
1054.95
124.133
86.7059
180
179.98
147.515
149.997
44.6558
44.0888
1550117643503
1064.49
126.022
86.3575
179.98
179.98
147.262
149.518
44.6387
44.0267
1550117643588
1086.03
124.907
84.4823
179.98
179.98
147.761
149.761
44.6208
44.0294
1550117643631
1056.24
98.3523
70.8333
180
180
148.364
149.439
44.9309
44.3882
1550117643746
1027.27
85.5835
68.9571
179.98
179.98
146.927
147.856
45.0658
44.5871
1550117643831
1014.61
89.4441
70.2522
179.98
180
145.784
147.798
45.0552
44.7033
1550117643879
1013.93
93.2696
71.3658
180
179.98
145.241
147.71
45.0611
44.7005
1550117643919
1014.41
96.6547
72.4546
179.98
180
144.748
147.473
45.0697
44.6957
1550117643963
1016.63
98.4902
73.3398
180
180
144.493
147.508
45.0761
44.6898
1550117644011
1043.5
105.004
75.961
180
179.98
145.404
148.138
44.9067
44.4616
1550117644100
1060.51
115.495
79.7882
180
179.98
146.847
149.046
44.7946
44.1895
1550117644136
1075.39
127.27
85.2046
180
179.98
148.636
150.555
44.5308
44.0153
1550117644202
1055.71
119.602
78.5264
180
180
147.581
148.637
44.7811
44.1754
1550117644279
1055.59
137.399
86.7253
179.98
179.98
146.408
147.096
44.4842
43.9945
1550117644357
993.818
121.922
100.788
180
180
136.973
143.325
43.3704
43.3253
1550117644443
988.913
140.587
121.936
180
180
128.699
136.344
42.3521
41.9805
1550117644517
1006.21
146.553
142.516
180
180
125.23
132.888
41.1835
40.6763
1550117644563
1010.15
137.367
146.145
179.98
179.98
120.209
133.096
38.5711
38.1609
1550117644621
994.659
136.013
150.228
179.98
179.98
115.197
128.621
38.5096
37.5256
1550117644851
1003.08
137.132
140.054
179.98
179.98
113.996
129.109
37.7236
36.9991
1550117644910
1021
141.884
135.45
180
180
114.205
128.715
37.0428
36.2794
1550117645012
1014.43
142.488
140.176
180
180
114.416
127.931
37.1854
36.4535
1550117645098
1016.74
142.873
154.682
180
179.98
113.603
125.801
37.6129
36.3205
1550117645127
1026.38
143.851
137.892
180
180
112.318
127.741
35.2821
35.905
1550117645166
1045.34
141.669
134.563
179.98
179.98
110.2
127.187
34.2947
35.412
1550117645211
402.677
62.275
62.275
180
180
173.92
78.1634
-nan(ind)
-nan(ind)
1550117645325
936.571
136.317
140.268
180
180
176.093
174.853
41.2272
41.9562
1550117645387
928.318
109.681
142.405
179.972
179.972
177.508
175.123
41.6597
43.1793
1550117645426
955.433
142.261
157.935
180
180
174.467
171.105
40.7196
41.9359
1550117645483
802.448
64.9515
62.1762
180
179.98
174.302
95.1772
0.034264
43.9993
1550117645617
870.746
146.237
149.915
180
180
174.404
172.158
41.7204
42.9591
1550117645643
828.852
130.019
132.703
180
179.98
162.247
157.013
43.2149
44.7623
1550117645681
961.125
159.783
164.045
180
179.98
169.01
167.033
41.6789
43.0108
1550117645795
1083.84
161.484
166.711
179.972
180
173.738
172.382
39.873
41.2425
1550117645872
817.636
51.7623
61.7932
180
180
176.567
92.5077
-nan(ind)
43.6063
1550117645952
901.136
141.111
149.548
180
180
177.238
175.903
41.1233
42.3463
1550117645994
930.71
125.761
135.742
179.98
179.98
170.163
166.891
40.8497
42.5503
1550117646041
964.756
139.113
146.425
179.96
180
170.71
168.29
39.83
41.3588
1550117646071
1116.65
146.282
148.447
180
179.972
175.608
174.732
36.8655
38.464
1550117646132
1140.59
145.361
148.849
179.98
179.98
177.024
176.667
36.3872
37.9925
1550117646166
1441.97
86.2938
140.647
179.966
142.043
161.927
142.006
83.1735
57.63
1550117657894
1446.43
90.8578
133.96
180
130.848
163.343
140.34
76.631
57.2964
1550117657975
1447.95
89.8091
126.849
180
124.846
163.905
137.504
76.8936
57.2807
1550117658025
1472.52
90.8725
104.501
180
109.028
165.025
136.634
72.9985
57.348
1550117658086
1454.71
92.1471
100.465
179.972
108.365
165.697
137.533
72.5508
57.3498
1550117658132
1459.08
94.2197
113.213
179.966
126.977
167.541
138.934
73.4019
57.4171
1550117658190
1485.1
97.987
116.011
180
129.906
168.156
139.516
73.1475
57.1417
1550117658238
1504.98
104.61
115.02
179.966
134.122
168.518
141.835
74.3766
56.8935
1550117658290
1513.71
107.735
110.841
180
128.136
167.177
144.186
73.306
56.507
1550117658422
1506.64
104.784
115.966
180
131.132
167.104
143.219
73.4571
56.6414
1550117658471
1518.46
111.703
116.203
180
134.047
166.894
145.288
73.4755
56.3687
1550117658522
1488.75
104.275
122.832
180
143.776
166.019
145.584
74.2486
56.9251
1550117658590
1478.63
100.713
128.316
179.972
146.317
165.95
144.071
75.1969
57.121
1550117658639
1483.55
103.382
133.208
180
148.805
165.687
143.745
75.9986
56.9753
1550117658690
1451.55
89.3831
89.5908
180
179.966
163.28
162.825
56.9647
57.0738
1550117658787
1450.33
90.1747
87.931
179.966
180
162.467
161.991
57.0282
57.0297
1550117658855
1446.21
90.8501
141.933
180
151.677
160.305
145.494
77.6513
57.1231
1550117658924
1449.02
92.6217
140.391
180
146.665
159.634
145.781
76.5602
57.0635
1550117658981
1452.6
93.5876
153.286
180
155.018
158.518
147.546
77.7896
56.9786
1550117659041
1451.84
93.861
155.263
180
159.952
158.892
146.843
79.8139
56.6676
1550117659092
1449.85
94.8801
152.428
180
158.791
158.687
146.37
80.4271
56.4325
1550117659123
1476.87
108.514
115.496
179.972
180
156.637
157.91
54.9591
55.6133
1550117659187
1491.77
118.74
124.116
180
180
155.349
156.542
54.3345
54.9416
1550117659222
1515.56
126.449
136.597
180
180
153.816
154.534
53.509
54.369
1550117659256
1521.63
126.205
139.7
180
179.972
153.068
155.053
52.8209
53.888
1550117659289
1541.83
124.658
153.171
180
179.972
151.772
152.437
52.3401
53.6963
1550117659323
1544.24
128.068
157.754
180
180
150.218
149.777
52.0628
53.5696
1550117659356
1436.04
146.153
145.308
180
180
139.553
133.586
52.9061
53.675
1550117659468
1461.06
160.689
136.96
180
180
127.868
139.246
52.4478
51.9059
1550117659550
1324.74
153.794
123.074
180
180
117.205
133.326
53.5514
53.2774
1550117659624
1316.14
151.467
128.268
180
180
114.216
130.923
53.5207
53.6959
1550117659689
1345.44
140.897
136.723
179.972
180
110.698
128.47
51.5426
53.2846
1550117659726
1463.63
114.028
93.5646
179.98
180
152.271
137.909
52.8161
52.5315
1550117659886
1465.29
160.766
146.116
180
180
159.971
164.493
53.0417
54.0164
1550117659957
1455.62
146.368
122.592
179.98
180
169.679
173.35
53.0012
53.0968
1550117660065
1501.58
135.711
113.53
179.98
180
170.845
160.69
52.0137
52.1898
1550117660099
1490.13
161.04
113.797
180
180
166.557
170.275
51.7469
52.1464
1550117660125
1532.14
176.139
127.56
180
180
160.326
167.222
50.6656
52.1278
1550117660150
1544.16
77.9638
89.4974
180
180
171.818
154.808
51.3173
51.5828
1550117660241
1553.33
91.8505
98.8201
180
180
175.84
162.724
51.1614
51.3498
1550117660274
1567.99
90.7014
98.7475
180
180
171.949
156.224
50.8624
51.1164
1550117660341
1580.88
89.5446
102.408
180
180
160.534
143.979
50.5983
50.9582
1550117660414
1578.3
85.7268
98.7823
180
180
159.801
141.489
50.7333
51.2137
1550117660486
1614.33
88.3951
105.12
180
180
167.804
151.427
49.6739
50.548
1550117660568
1594.64
84.0637
97.9149
180
180
169.531
151.015
50.4609
50.8333
1550117660592
1595.45
85.997
97.9296
179.98
179.98
169.854
152.399
50.2471
50.675
1550117660615
1609.49
96.4293
100.905
180
180
170.178
153.685
50.1058
49.9395
1550117660641
1623.81
88.0592
106.764
180
180
169.604
153.825
49.5312
50.3676
1550117660674
1598.7
86.1121
98.1489
180
180
169.309
152.133
50.1762
50.6135
1550117660741
1584.37
81.6879
97.726
180
180
163.626
144.969
50.5744
50.8735
1550117660883
1614.73
95.4939
109.428
179.98
179.98
163.311
147.051
49.7383
49.8759
1550117660948
1597.72
99.5743
105.401
180
180
164.554
150.315
49.621
49.9504
1550117661021
1593.65
114.044
124.771
180
180
158.195
150.176
49.8561
50.1184
1550117661113
1607.5
102.637
132.578
180
180
160.462
148.777
48.8661
49.4993
1550117661135
1599.36
102.071
110.2
180
180
167.852
156.941
49.1579
49.6329
1550117661175
1569.48
91.9953
110.463
180
180
160.472
146.34
50.6246
50.9554
1550117661208
1559.09
142.942
138.043
180
179.98
163.76
166.15
50.4942
50.5724
1550117661321
1519.29
116.781
126.408
180
180
160.914
160.324
51.1058
51.3096
1550117661394
1530.43
112.672
123.863
179.98
180
160.621
158.213
50.3382
50.6342
1550117661488
1539.09
98.6082
96.2578
180
180
176.386
167.094
50.5279
50.5418
1550117661614
1556.58
95.7278
107.706
180
180
164.374
152.905
50.5049
50.7656
1550117661643
1546.58
146.047
127.355
180
180
164.136
167.316
50.32
50.43
1550117661708
1555.13
127.68
137.512
180
180
164.314
165.139
50.5899
50.9533
1550117661743
1547.25
120.948
134.121
180
180
163.659
164.415
50.9312
51.7082
1550117661776
1545.94
118.606
120.802
179.98
179.98
161.875
159.565
50.7228
50.5299
1550117661809
1557.84
119.577
131.74
180
180
161.304
157.412
50.4456
50.1421
1550117661844
1550.41
111.608
137.151
180
180
161.86
156.92
50.5313
50.4004
1550117661876
1558.14
118.421
140.99
180
180
162.561
159.567
50.3651
50.501
1550117661910
1573.27
125.946
152.66
180
180
162.175
159.746
49.6366
50.3516
1550117662020
1563.43
111.979
136.086
180
180
161.459
153.812
49.9823
49.8273
1550117662144
1558.44
130.351
146.05
180
180
162.918
160.432
50.0589
49.864
1550117662170
1508.36
116.516
117.396
180
180
164.958
165.712
51.3446
51.2451
1550117662196
1551.92
116.891
140.133
180
180
163.581
160.279
50.6261
50.7141
1550117662225
1550.1
116.6
138.923
179.98
180
162.68
159.309
50.5575
50.6534
1550117662278
1530.51
127.421
121.398
180
179.98
161.774
162.779
50.7025
50.5099
1550117662345
1541.66
125.78
131.311
179.98
179.98
162.124
162.279
50.706
50.7243
1550117662380
1546.92
123.876
133.497
180
180
163.205
163.013
50.4368
50.5943
1550117662414
1518.91
121.703
117.288
179.98
179.98
164.215
165.895
51.1014
51.174
1550117662447
1528.8
110.949
124.689
180
180
164.839
163.615
50.1848
50.5639
1550117662480
1532.55
98.8954
108.063
180
180
160.006
149.206
50.4493
50.8269
1550117662646
1506.17
101.719
82.6797
180
180
157.448
153.161
51.5102
52.3225
1550117662676
1498.16
109.67
98.6688
180
180
159.308
157.595
51.4057
50.9934
1550117662703
1531.98
109.46
130.482
179.966
180
161.482
161.007
50.7056
51.3523
1550117662732
1531.1
113.771
107.752
180
180
159.969
157.253
50.9764
50.7717
1550117662761
1569.44
93.8654
114.311
179.98
179.98
164.33
152.573
50.1916
50.5095
1550117662816
1558.33
111.239
134.98
180
180
162.364
155.951
50.0009
49.9509
1550117662849
1484.14
101.572
105.811
180
180
162.418
159.502
50.9317
50.8586
1550117662883
1540.93
126.986
136.737
179.98
180
163.257
163.15
50.5963
50.6088
1550117662916
1525.3
123.239
128.138
180
180
163.029
164.272
50.6595
51.0946
1550117662951
1546.13
122.354
140.508
180
180
161.973
161.666
50.8352
51.1344
1550117662984
1509.45
93.4779
122.824
180
180
160.842
159.403
50.7875
51.6824
1550117663017
1504.61
112.418
118.125
180
180
159.687
157.392
51.1403
51.0313
1550117663050
1523.56
107.653
134.229
180
180
160.298
156.07
50.7194
51.0726
1550117663084
1545.16
101.305
123.887
180
180
159.268
148.078
50.5584
50.6802
1550117663132
1524.75
101.954
121.505
180
180
159.008
150.407
50.8474
50.7768
1550117663160
1565.1
125.736
157.881
180
180
159.392
155.292
49.8478
50.1769
1550117663218
1531.07
107.245
134.135
179.98
179.98
157.138
150.012
50.2661
50.4685
1550117663252
1559.02
92.6997
114.219
180
180
161.503
149.652
49.9899
50.6183
1550117663285
1569.9
96.2168
128.456
180
180
158.722
146.088
49.8389
50.7046
1550117663354
1568.09
100.286
145.797
180
179.98
156.919
145.882
49.7712
50.7214
1550117663388
1579.2
136.473
164.725
180
180
160.939
158.115
49.2651
50.3233
1550117663454
1547.11
129.29
134.577
180
180
163.104
163.968
50.0626
50.8082
1550117663510
1580.57
96.6347
117.903
180
179.966
164.351
152.129
49.8696
50.2503
1550117663566
1582.92
101.82
112.793
180
180
177.555
168.618
50.0207
50.3577
1550117663603
1601.12
107.14
131.642
180
180
177.744
172.371
49.2517
50.0485
1550117663665
1577.9
133.1
156.029
180
180
159.916
157.184
49.1608
50.0926
1550117663693
1563.45
148.209
140.848
180
180
161.346
161.777
49.5812
49.5917
1550117663768
1587.67
114.685
163.346
179.98
179.98
162.605
155.64
49.5615
49.9878
1550117663825
1572.71
126.356
146.098
180
180
160.857
157.009
49.7561
49.4176
1550117663859
1572.26
103.087
131.479
180
180
159.565
148.986
50.2274
50.294
1550117663893
1550.88
99.8196
94.5798
180
180
162.354
152.936
50.6749
50.5491
1550117663926
1564.15
103.999
120.468
180
180
164.184
153.888
50.1192
50.2481
1550117664004
1570.05
104.937
103.13
180
180
165.777
154.364
50.3585
50.1959
1550117664070
1571.67
101.951
93.1204
179.98
179.98
168.486
156.788
50.3569
49.8257
1550117664174
1581.53
107.373
124.156
180
180
166.574
156.202
49.8092
49.9771
1550117664199
1582.47
108.336
104.795
179.98
179.98
170.651
159.964
49.6077
49.696
1550117664244
1579.64
107.709
101.638
179.98
180
171.443
159.657
49.913
49.7915
1550117664269
1577.99
104.814
106.055
180
180
170.559
160.044
49.5362
49.8425
1550117664295
1584.7
114.753
132.279
180
180
163.664
156.357
49.6586
49.6846
1550117664377
1609.55
115.909
97.7908
180
179.98
168.405
159.707
49.8261
49.213
1550117664445
1616.8
115.69
97.6537
180
180
172.022
163.466
49.4296
49.0353
1550117664495
1586.3
100.665
95.4194
180
180
170.505
159.871
49.8888
49.612
1550117664523
1592.13
105.978
112.897
180
179.98
168.335
160.159
49.0279
49.3559
1550117664555
1574.84
106.867
121.518
180
180
163.604
153.62
49.7746
50.113
1550117664610
1569.92
113.364
122.968
180
180
162.296
154.874
50.3323
50.3546
1550117664660
1601.73
117.296
115.062
180
180
165.376
159.622
49.7618
49.1341
1550117664711
1594.18
103.111
93.4782
180
180
167.531
158.268
49.7186
49.6423
1550117664744
1583.07
98.9648
95.9335
180
179.98
167.97
154.452
50.1569
50.1411
1550117664778
1584.9
103.122
101.835
179.98
179.98
169.211
158.466
49.7721
49.5263
1550117664811
1590.3
100.356
106.918
180
180
170.682
157.768
49.8904
50.1431
1550117664844
1586.69
102.928
108.243
180
180
170.69
160.207
49.5004
49.9539
1550117664878
1588.82
110.203
107.487
180
180
166.738
159.124
49.5384
49.3926
1550117664911
1603.71
106.197
138.123
179.98
179.98
163.9
153.725
49.3653
49.8256
1550117664944
1580.86
109.146
122.788
180
180
163.951
156.096
49.5336
49.8995
1550117664977
1583.21
109.415
129.348
180
180
163.811
155.351
49.6279
50.0243
1550117665010
1591.77
100.045
112.225
180
179.98
169.27
160.027
49.055
49.7226
1550117665077
1574.64
99.1407
101.589
180
180
172.11
160.935
49.9788
50.0599
1550117665111
1547.08
95.2601
107.787
179.98
179.98
160.834
151.58
50.2428
50.2633
1550117665155
1566.05
121.995
138.55
180
180
160.336
158.15
49.9808
49.9807
1550117665201
1592.05
121.767
150.131
180
180
162.32
156.882
49.46
49.4695
1550117665226
1596.57
113.012
130.543
179.98
179.98
165.24
158.101
49.5251
49.4283
1550117665254
1569.07
95.1109
90.1091
179.98
180
168.255
158.089
49.9393
49.9786
1550117665344
1588.96
111.435
148.06
180
180
162.629
154.861
49.3773
49.9207
1550117665411
1571.31
114.861
139.553
180
180
162.483
156.958
49.8212
50.0338
1550117665444
1600.85
110.339
148.846
180
180
161.464
151.188
48.8664
49.6952
1550117665478
1578.4
103.139
104.97
180
180
165.181
155.255
49.7166
49.7652
1550117665510
1593.31
111.626
107.537
180
180
165.068
156.115
49.9486
49.4752
1550117665544
1580.44
117.058
128.72
180
180
163.13
157.174
49.9623
49.8301
1550117665578
1586.72
104.507
119.209
180
179.98
164.102
152.991
49.8572
49.9276
1550117665612
1560.65
95.4511
95.9756
180
180
168.093
158.302
50.0489
50.1836
1550117665668
1573.96
99.3784
89.7235
180
179.98
168.879
159.25
50.3636
50.0583
1550117665699
1573.34
94.842
99.4787
180
180
173.084
163.101
49.959
50.2828
1550117665727
1567.33
92.6108
99.4602
180
179.98
168.108
157.939
49.9855
50.4428
1550117665777
1555.01
99.254
106.112
180
180
163.614
154.964
50.1405
50.3992
1550117665812
1569.66
114.947
116.19
179.98
179.98
162.175
156.478
50.7884
50.1835
1550117665846
1571.16
113.738
110.474
179.972
179.972
164.892
158.989
50.777
50.2912
1550117665944
1576.77
108.987
101.756
180
180
164.365
157.416
49.9681
49.722
1550117666053
1564.13
104.846
106.066
180
180
164.055
154.395
50.4941
50.4223
1550117666120
1570.11
117.372
104.188
180
180
163.49
160.573
50.8191
50.6551
1550117666278
1541.15
122.806
115.802
180
180
160.841
160.911
50.5479
50.7317
1550117666319
1537.22
115.23
112.028
179.98
180
161.66
160.633
51.0364
51.188
1550117666428
1559.31
116.111
110.625
180
179.98
161.841
161.116
51.4267
51.4761
1550117666520
1603.58
108.07
72.2584
180
180
179.444
166.043
51.1579
50.693
1550117666579
1555.28
103.877
90.0122
179.98
180
174.556
168.611
51.2211
51.2935
1550117666610
1556.52
87.2354
114.116
180
180
170.016
164.332
51.4552
52.0658
1550117666696
1581.38
86.1973
93.6808
180
180
178.089
171.91
51.4265
51.3444
1550117666832
1617
115.762
86.1545
180
180
175.887
174.784
51.2882
50.5542
1550117666912
1619.97
123.89
90.911
180
179.98
166.795
154.792
51.5775
50.8555
1550117666962
1631.09
139.051
91.8941
180
180
171.109
163.422
51.7973
50.8136
1550117667015
1621.88
94.2095
89.4729
180
179.966
174.054
169.676
50.5027
50.8649
1550117667250
1655.16
113.777
92.9037
179.98
179.98
172.974
166.798
50.2659
50.2424
1550117667279
1649.04
109.809
92.1127
179.98
179.98
172.879
168.109
49.9684
49.7402
1550117667311
1633.59
100.351
97.0163
180
180
172.25
166.929
49.534
50.1848
1550117667340
1625.13
98.8754
103.214
179.98
179.98
171.677
168.134
49.3017
49.5429
1550117667386
1629.45
112.844
92.5373
179.98
180
172.408
166.504
49.2279
49.555
1550117667421
1645.03
128.884
111.926
180
180
173.18
167.242
48.6642
49.066
1550117667457
1637.87
124.253
104.862
180
180
173.568
166.261
49.1063
49.1718
1550117667491
1621.21
105.687
109.53
180
180
172.597
163.088
49.4657
50.2603
1550117667588
1631.31
123.651
94.573
180
179.98
172.347
162.718
49.3927
49.4153
1550117667624
1614.02
108.862
99.2392
180
180
172.069
162.065
49.4725
50.0587
1550117667661
1631.41
114.132
98.551
180
179.98
171.877
159.816
49.9194
49.8914
1550117667728
1645.19
123.621
82.8835
180
180
173.537
165.331
49.6371
49.5492
1550117667793
1641.58
115.75
90.2828
179.98
179.98
174.688
167.039
49.858
50.0347
1550117667854
1654.97
141.744
79.4705
180
180
175.898
170.907
49.5891
49.0186
1550117667919
1673.43
136.692
83.8562
179.98
180
173.934
168.158
50.1668
50.4733
1550117667993
1637.79
118.442
83.2074
180
180
173.229
161.694
50.0771
49.0603
1550117668107
1665.17
126.572
86.7217
180
179.98
176.723
174.19
49.754
50.2337
1550117668221
1667.07
131.082
87.1122
179.98
179.98
178.129
174.985
49.7232
49.6763
1550117668259
1662.38
119.067
83.4467
180
180
177.943
175.341
49.597
49.8239
1550117668325
1649.57
108.817
86.4283
180
179.98
177.341
175.06
49.4637
49.5336
1550117668359
1691.67
151.801
92.9037
180
180
176.51
171.921
49.4427
48.6263
1550117668392
1672.54
121.986
94.538
180
179.98
175.256
175.378
48.9294
49.217
1550117668427
1685.49
131.744
102.571
180
179.98
173.826
172.306
49.0943
48.717
1550117668460
1688.78
133.452
100.668
180
180
173.308
171.355
48.9641
48.7644
1550117668493
1678.8
129.919
98.8689
180
180
173.039
172.043
48.8659
48.4697
1550117668528
1641.83
113.872
91.9798
180
180
171.963
173.191
48.6278
48.1992
1550117668594
1634.64
107.592
98.4944
179.98
179.98
171.589
168.347
48.9705
48.7959
1550117668667
1625.99
104.51
100.69
180
180
172.726
172.591
48.6869
48.8211
1550117668750
1647.02
119.563
104.155
180
180
173.023
171.491
48.9688
48.4436
1550117668775
1614.04
99.3854
101.545
180
180
173.405
173.253
48.8726
49.1855
1550117668801
1591.21
96.5618
88.552
179.98
180
173.413
177.496
48.6141
49.0416
1550117668846
1587.19
104.089
85.895
179.98
179.98
171.965
176.113
48.8331
48.9145
1550117668915
1587.63
111.314
87.1727
180
179.98
171.198
174.208
48.9333
49.1717
1550117668954
1591.26
158.833
88.4205
179.98
179.98
166.2
161.107
50.0419
48.6044
1550117669015
1481.23
78.4529
84.9698
179.98
180
165.445
153.818
49.7648
49.5516
1550117669054
1464.98
74.6473
80.1245
180
180
166.989
154.309
50.005
49.9987
1550117669097
1443.26
72.0767
69.3376
179.98
179.98
167.493
154.354
50.4247
50.1719
1550117669134
1438.01
68.1755
70.8529
180
180
166.907
152.731
50.5424
50.3679
1550117669172
1420.48
65.8934
70.0981
180
180
165.184
149.505
50.4273
50.1611
1550117669217
1379.35
59.2192
60.8996
180
180
164.22
148.283
50.4922
50.2404
1550117669275
1419.4
61.9269
82.3518
179.98
180
162.671
153.231
49.1798
49.3414
1550117669301
1370.13
62.3554
64.4923
180
180
160.067
150.291
49.6052
49.2335
1550117669327
1574.43
91.7411
138.136
180
180
134.875
125.269
42.5602
43.5693
1550117669422
1524.36
105.448
170.068
180
180
149.711
148.766
47.168
46.4499
1550117669492
1603.43
111.768
112.142
180
180
160.034
174.8
44.8653
43.5415
1550117669565
1538.37
111.037
159.509
180
180
150.691
159.496
47.3915
45.1682
1550117669624
1483.34
103.868
142.461
179.98
179.98
147.846
145.952
46.8478
44.9705
1550117669696
1427.25
105.008
146.791
180
179.98
175.893
166.342
47.2893
44.3984
1550117669765
1410.74
103.235
121.944
179.98
179.98
145.788
140.445
48.9604
46.2005
1550117669847
1408.98
105.076
146.197
180
180
170.588
162.325
48.8075
47.0139
1550117669954
1396.13
104.981
140.376
180
180
171.83
161.644
49.3613
47.0619
1550117670012
1398.31
102.408
142.904
179.98
180
167.975
166.377
48.2963
46.7354
1550117670121
1424.05
141.121
148.963
180
180
166.335
170.638
49.5938
48.7379
1550117670187
1445.66
106.202
149.847
180
180
166.783
169.864
49.4579
46.9685
1550117670248
1459.94
107.307
149.335
180
180
167.694
169.69
48.659
46.8169
1550117670296
1425.21
106.566
149.417
179.98
179.98
169.046
169.043
48.3824
46.8945
1550117670331
1362.6
107.243
144.408
180
180
170.268
168.275
49.5077
46.9014
1550117670357
874.636
76.0933
117.919
180
180
170.122
96.5237
59.3066
-nan(ind)
1550117670457
970.273
142.214
142.316
180
179.98
132.608
149.609
60.8591
60.8746
1550117670526
1019.55
131.938
138.033
179.972
180
164.616
170.174
56.0934
55.0198
1550117670624
1025.8
156.465
157.274
180
180
157.679
150.087
58.2205
58.1408
1550117670694
1029.91
126.135
168.736
179.972
179.972
147.943
151.695
54.2058
52.5794
1550117670788
1026.53
166.689
166.812
180
180
143.599
139.559
57.4021
57.3568
1550117670861
1066.98
160.291
160.619
179.972
179.972
132.905
141.257
58.6554
58.6153
1550117670886
1081.58
173.983
174.314
179.972
179.972
142.425
141.918
57.4737
57.4514
1550117670917
1103.92
158.039
158.35
180
180
155.267
148.228
56.4588
56.3881
1550117670980
1086.31
168.127
169.173
180
180
147.641
144.213
57.2444
57.2369
1550117671135
1073.36
169.218
169.977
180
180
146.474
143.469
57.5514
57.5204
1550117671233
1069.03
171.476
172.935
180
180
144.393
142.83
57.7071
57.6852
1550117671285
1066.36
172.46
172.436
180
180
142.013
143.043
57.9358
57.9583
1550117671368
1083.75
99.0115
72.6019
179.972
180
144.814
95.9984
-nan(ind)
54.8275
1550117671665
1208.92
157.184
141.938
179.98
180
172.759
173.437
53.7758
53.5494
1550117671794
1208.52
152.607
127.074
179.98
179.98
169.788
165.102
51.5039
53.6142
1550117671874
1255.87
140.073
141.695
180
180
131.839
134.783
48.6969
49.3202
1550117671921
1313.89
103.867
168.842
180
179.972
142.566
147.171
48.6748
49.9574
1550117671992
1314.16
121.469
170.736
179.972
179.972
143.953
146.913
48.6888
49.6058
1550117672064
1268.99
109.415
141.855
180
180
140.841
147.786
48.825
50.0331
1550117672108
1275.25
98.5943
121.231
180
180
137.537
144.325
48.1858
48.9037
1550117672161
1296.62
106.279
117.263
179.98
179.98
138.096
136.412
47.9722
48.3707
1550117672227
1303.21
107.45
122.887
180
179.98
138.967
144.712
47.6889
47.7871
1550117672268
1105.99
103.206
73.3474
180
179.972
154.284
93.9921
0.0197823
54.1073
1550117672379
1211.03
138.543
121.369
180
179.972
162.565
160.376
52.306
54.3657
1550117672504
1256.26
134.969
129.431
180
179.972
141.703
143.544
50.0644
52.475
1550117672745
1239.08
75.7694
104.136
180
179.972
138.545
143.616
49.8427
50.8232
1550117672827
1266.39
76.4494
105.853
180
180
139.804
137.256
51.2655
50.1944
1550117672885
1345.35
82.3536
110.911
180
180
153.654
154.141
49.6804
48.2504
1550117672911
1398.05
156.919
150.513
180
180
149.304
144.369
48.0143
47.0344
1550117672936
1409.93
135.09
110.324
180
180
154.243
148.072
49.5823
46.9846
1550117672963
1419.75
136.322
152.241
179.98
180
151.331
145.735
47.5577
47.2002
1550117672995
1408.03
94.5413
111.601
180
180
157.49
161.381
47.2523
47.5319
1550117673029
1362.07
114.209
95.5949
180
179.98
140.471
130.97
49.8423
47.6385
1550117673063
