1142.8
129.453
170.595
103.517
67.3923
178.507
75.3949
60.7656
63.4859
1550117882309
1148.51
152.472
102.296
82.1055
67.4216
176.704
77.6108
58.1231
51.6389
1550117882355
1134.33
155.395
85.4295
78.2634
65.536
175.903
77.4483
58.0567
51.3327
1550117882386
1130.75
156.015
129.384
78.8789
63.3242
175.987
76.167
57.9422
51.3064
1550117882421
1130.73
149.143
140.79
79.3498
64.4329
176.605
76.5409
58.1061
51.602
1550117882458
1119.37
144.075
146.966
79.144
66.4743
177.98
76.6884
58.3788
53.0629
1550117882492
1121.63
138.476
145.349
79.9752
68.4815
176.758
79.0501
58.0162
53.7555
1550117882529
1116.52
140.769
143.986
79.4099
70.4783
174.969
80.641
57.4734
54.2479
1550117882583
1114.04
135.094
130.944
77.1096
69.8466
173.963
81.3573
57.34
54.5234
1550117882609
1122.85
126.05
118.558
75.4679
72.4005
173.53
83.0266
56.7258
54.2329
1550117882678
1119.99
118.537
114.199
74.3942
73.0963
173.583
82.6988
56.692
54.5483
1550117882707
1105.44
114.477
115.595
72.3049
73.2518
173.602
81.5003
56.7693
55.2943
1550117882736
1105.35
111.504
117.884
72.4163
71.8809
173.416
80.9746
57.0644
55.2396
1550117882765
1102.68
108.72
123.147
72.6407
70.9526
173.012
80.8783
57.0269
54.9201
1550117882795
1093.41
116.199
131.375
72.873
70.3913
172.703
80.5876
56.8688
54.2366
1550117882826
1099.09
113.307
126.856
74.5698
69.9332
172.627
80.6832
56.9327
53.2799
1550117882857
1108.04
115.306
125.088
76.4644
69.5022
172.829
80.7233
56.9977
52.6092
1550117882890
1116.99
117.488
126.888
78.1189
68.8868
173.147
80.7793
57.0686
51.9896
1550117882923
1129.74
117.254
130.956
79.8853
68.5946
173.541
81.0867
57.0861
51.4654
1550117882957
1116.46
116.846
129.884
78.4299
68.4419
173.907
80.0857
57.1072
52.161
1550117882992
1112.17
117.847
123.631
77.7245
68.8742
174.59
79.5598
57.0696
52.6172
1550117883025
1123.19
119.462
123.281
78.7681
69.6088
175.592
79.5883
56.9857
52.5046
1550117883059
1128.77
119.926
119.946
79.1176
70.7035
176.993
78.9211
56.9132
52.7694
1550117883092
1132.7
124.072
131.255
79.255
72.0285
177.674
79.1942
56.4047
52.806
1550117883125
1131.28
126.628
132.696
79.1548
73.4061
177.195
80.3491
55.87
52.8951
1550117883159
1125.16
130.877
136.5
78.7412
73.8154
175.763
81.6891
55.4236
52.872
1550117883193
1118.63
141.349
145.61
78.4463
73.4775
174.183
82.9211
55.1063
52.5022
1550117883226
1094.89
151.194
148.617
76.342
72.7187
171.51
84.2441
54.8127
52.5613
1550117883260
1077.27
152.852
145.38
74.2113
71.3025
169.234
85.4405
54.7815
52.9887
1550117883292
1065.43
158.844
147.135
73.9351
72.208
167.321
87.2615
54.5447
53.3453
1550117883332
1113.73
124.951
150.946
83.6684
65.883
158.296
98.8617
54.9852
49.5018
1550117883491
1069.4
122.328
136.159
79.8408
59.1193
152.087
103.473
55.8206
48.5435
1550117883515
1027.35
114.197
119.355
75.9085
49.3424
146.076
107.655
57.862
48.1151
1550117883545
979.581
103.851
96.2311
67.4178
36.3602
141.347
109.858
60.2784
49.0512
1550117883577
749.979
98.1846
81.0276
34.8315
25.8244
138.343
110.751
61.9288
58.326
1550117883602
816.078
96.0098
23.7682
35.7308
39.344
136.683
105.577
66.7005
60.5596
1550117883634
862.092
96.265
91.279
35.0113
48.7378
133.954
123.851
52.9008
62.4842
1550117883663
1289.4
133.418
140.145
179.98
179.98
146.758
141.114
36.9526
36.0954
1550117883902
1340.33
137.337
151.852
179.98
179.98
151.265
147.474
36.0169
36.2377
1550117883988
1337.72
143.297
150.691
180
179.98
150.712
147.667
35.2484
35.6385
1550117884021
1262.76
150.456
148.315
180
179.98
149.525
147.392
34.5142
34.1353
1550117884129
1230.6
156.869
153.477
180
180
149.807
148.81
33.7023
33.9927
1550117884196
1331.54
158.464
152.543
179.98
180
150.434
151.032
33.7129
33.2903
1550117884235
1241.36
156.237
153.415
180
180
151.268
151.065
33.727
33.8146
1550117884271
1256.34
157.506
155.704
179.98
180
151.78
152.4
33.623
33.522
1550117884299
1253.03
149.164
159.132
179.98
180
152.021
149.685
34.3328
34.272
1550117884324
1242.25
155.565
146.958
180
180
152.175
150.081
34.7175
34.0553
1550117884357
1226.65
148.822
148.811
179.98
180
152.279
148.513
34.8263
34.896
1550117884423
1227.86
148.206
150.408
180
180
152.28
148.646
34.7431
34.971
1550117884445
1223.3
148.86
145.518
179.98
179.98
152.2
148.354
35.0711
35.016
1550117884491
1222.94
149.432
155.071
180
180
151.561
149.142
34.818
34.7074
1550117884558
1222.06
153.727
154.655
180
180
151.06
149.868
34.4183
34.5843
1550117884593
1221.43
150.779
155.127
180
180
150.503
151.399
34.2014
34.0594
1550117884626
1226.14
156.128
159.814
179.972
180
150.026
151.199
33.9363
34.0576
1550117884660
1217.32
156.017
155.525
179.98
179.98
149.676
149.573
34.4111
34.4566
1550117884695
1214.65
156.884
155.592
180
180
149.217
149.942
34.2306
34.4258
1550117884759
1207.62
152.232
152.919
179.98
180
149.057
149.798
34.5135
34.4667
1550117884794
1211.2
157.953
156.605
179.98
179.98
148.959
149.391
34.3689
34.5781
1550117884828
1208.91
157.629
156.102
180
180
148.922
149.6
34.3932
34.5321
1550117884861
1206.97
157.621
153.902
180
180
148.892
149.371
34.5425
34.6339
1550117884913
1207.92
159.589
155.512
180
179.98
148.917
149.35
34.4934
34.6573
1550117884936
1205.52
159.28
152.517
180
179.98
149.571
149.939
34.5169
34.6986
1550117884996
1203.58
150.733
154.793
180
180
150.481
151.276
34.3625
34.5993
1550117885063
1201.95
143.28
148.988
180
180
150.976
150.066
34.8313
34.7951
1550117885176
1209.1
142.161
149.808
180
180
151.027
148.236
35.1716
34.8152
1550117885250
1200.51
138.02
136.917
179.98
180
151.068
146.669
35.4781
35.1716
1550117885305
1209.64
141.155
138.549
179.98
179.98
151
147.141
35.2538
34.7651
1550117885350
1209.26
138.006
137.749
180
180
150.787
148.094
35.1903
34.1809
1550117885411
1224.63
143.299
140.958
179.98
179.98
150.027
149.623
33.885
33.8791
1550117885441
1234.48
145.829
137.159
180
180
149.668
148.477
34.5082
33.4964
1550117885467
1213.63
127.802
130.623
180
180
149.318
150.23
34.6372
33.0505
1550117885498
1233.35
121.504
139.673
180
180
149.029
147.209
34.2138
34.4408
1550117885533
1242.76
129.594
143.444
180
180
148.875
147.389
34.1912
33.7339
1550117885566
1266.15
149.031
148.513
180
180
150.482
149.967
33.1076
33.284
1550117885747
1252.8
122.103
135.631
179.972
179.972
151.362
150.213
33.9782
33.4101
1550117885810
1264.11
123.433
141.066
180
180
152.181
151.73
33.4983
33.1228
1550117885929
1264.71
125.339
141.073
179.972
179.972
152.149
150.585
33.6434
33.3803
1550117885956
1252.08
131.497
130.781
179.972
179.972
151.91
149.617
34.1213
33.2898
1550117886004
1249.51
129.279
130.227
179.972
180
151.72
149.268
34.0981
33.5045
1550117886037
1259.2
132.251
137.962
179.972
179.972
151.361
147.194
33.8997
34.216
1550117886071
1254.46
114.421
135.529
180
180
150.959
146.94
34.1169
34.6352
1550117886104
1223.82
110.932
119.339
180
179.972
150.172
147.842
34.7233
34.2318
1550117886200
1236.97
125.891
129.082
180
179.972
149.947
147.127
34.5319
33.9982
1550117886277
1227.28
105.109
125.555
180
180
150.043
149.317
34.4935
34.1766
1550117886358
1249.4
129.136
140.666
180
180
150.122
148.914
33.8838
33.7342
1550117886435
1250.08
139.476
142.522
179.972
179.972
150.217
148.152
33.8226
33.8861
1550117886474
1248.84
136.179
142.284
179.972
180
150.301
148.735
33.8476
33.7757
1550117886495
1250.04
136.541
144.561
179.972
179.972
151.044
148.163
33.7983
34.3185
1550117886598
1249.06
133.551
144.106
180
180
151.485
148.339
33.9528
34.3288
1550117886665
1245.24
134.205
142.847
180
180
152.093
149.471
34.272
33.8216
1550117886730
1231.78
132.211
137.042
180
180
151.895
150.129
34.4614
33.7299
1550117886864
1231.31
133.661
138.846
180
179.98
151.753
148.837
34.5444
34.1721
1550117886963
1233.09
134.077
140.9
180
180
151.658
150.274
34.2551
33.7877
1550117886991
1230
134.408
140.987
180
180
151.476
149.322
34.3932
34.0897
1550117887015
1228.69
140.26
140.831
180
179.98
151.388
149.471
34.4404
33.8251
1550117887039
1226.72
136.8
140.69
179.98
179.98
151.333
149.036
34.4428
34.1628
1550117887062
1225.33
132.266
140.625
180
180
151.301
149.227
34.4826
34.2287
1550117887090
1224.94
129.386
142.291
180
180
151.289
148.823
34.62
34.432
1550117887155
1224.79
135.126
143.224
180
180
151.287
148.542
34.691
34.3394
1550117887189
1226.58
135.709
147.419
179.98
179.98
151.281
147.878
34.6478
34.7435
1550117887298
1226.94
121.822
148.263
180
180
151.279
149.005
34.4554
34.9432
1550117887363
1218.31
131.781
144.383
180
180
151.219
151.467
34.3486
33.9244
1550117887461
1212.94
140.536
145.065
180
180
150.918
149.807
34.5422
34.3797
1550117887523
1226.46
146.116
153.109
180
179.972
150.645
150.379
34.1341
34.2463
1550117887635
1218.32
148.146
152.673
179.98
180
150.503
150.559
34.3199
34.359
1550117887871
1206.9
144.126
147.506
180
180
150.503
153.268
34.2585
33.6572
1550117888004
1201.89
138.539
147.031
180
180
150.491
152.359
34.5808
34.172
1550117888056
1205.04
140.257
148.854
180
180
150.485
153.114
34.267
34.0313
1550117888089
1209.12
142.836
152.724
179.98
179.98
150.48
152.63
34.3134
34.0341
1550117888123
1207.84
141.137
152.9
180
180
150.476
151.55
34.458
34.5285
1550117888156
1204.45
139.76
151.089
179.98
180
150.472
152.941
34.5287
33.9045
1550117888190
1202.51
142.587
149.814
179.98
179.98
150.471
152.108
34.3706
34.4524
1550117888259
1204.17
124.938
150.407
180
179.98
150.473
154.067
34.1395
34.5142
1550117888331
1204.32
144.484
152.637
179.98
179.98
150.479
147.738
35.0513
35.7584
1550117888405
1199.91
149.218
149.045
180
180
150.493
148.726
34.9159
35.3924
1550117888502
1199.92
135.926
149.169
180
180
150.51
153.505
34.3726
34.145
1550117888533
1191.35
139.673
148.271
179.98
179.98
150.542
151.295
34.5669
34.9259
1550117888561
1194.93
134.554
150.684
179.98
180
150.559
153.578
34.2119
34.3052
1550117888591
1203.71
144.64
151.841
180
180
150.594
148.873
34.9693
35.4102
1550117888668
1220.7
112.372
152.08
180
179.98
150.638
152.931
34.4783
35.3847
1550117888800
1216
143.843
151.698
179.98
180
150.642
152.781
34.3126
34.2046
1550117888860
1209.07
147.898
151.637
180
180
150.658
148.191
35.0324
35.5933
1550117888970
1214.08
147.868
149.468
180
180
150.667
154.973
33.9933
33.2957
1550117889047
1205.54
128.095
147.839
180
180
150.672
150.526
34.8316
35.5962
1550117889072
1208.01
149.174
149.308
180
180
150.681
150.488
34.79
34.7693
1550117889098
1209.28
126.53
151.161
179.98
180
150.69
150.724
34.6519
35.6435
1550117889128
1209.54
145.501
150.813
180
180
150.704
150.316
34.6709
35.0666
1550117889162
1209.86
137.654
150.803
180
180
150.718
150.786
34.6693
35.1484
1550117889196
1208.68
142.1
150.26
180
180
150.733
149.462
34.7801
35.523
1550117889228
1214.63
144.478
153.805
180
180
150.757
149.891
34.5981
35.3134
1550117889295
1210.02
130.041
150.119
180
180
150.765
151.802
34.5654
35.1174
1550117889329
1210.09
144.72
149.079
180
180
150.778
153.743
34.2878
33.8639
1550117889399
1211.49
149.073
153.416
179.98
180
150.785
148.4
35.0165
35.491
1550117889465
1213.66
147.031
152.897
180
180
150.799
151.243
34.5469
34.6599
1550117889538
1206.72
147.312
150.264
179.98
180
150.811
149.794
34.9906
35.0104
1550117889573
1208.67
148.997
150.863
179.98
179.98
150.825
149.647
34.9214
35.0844
1550117889600
1210.34
146.751
151.581
179.98
179.98
150.832
149.079
34.861
35.4734
1550117889633
1204.31
139.226
149.208
180
179.98
150.835
153.228
34.876
33.7778
1550117889666
1203.17
143.337
149.339
180
179.98
150.837
151.1
34.8155
34.7365
1550117889699
1206.2
150.135
149.163
179.98
180
150.839
151.904
34.8287
34.083
1550117889732
1204.23
147.477
150.546
179.98
180
150.846
148.652
34.7835
35.7713
1550117889766
1206.77
151.169
152.319
179.98
179.98
150.851
149.336
34.7559
35.3136
1550117889800
1204.85
143.974
151.226
180
180
150.853
150.694
34.8329
34.8348
1550117889834
1212.7
147.828
155.905
180
179.98
150.855
150.571
34.4741
34.9764
1550117889868
1208.95
150.852
154.609
180
180
150.857
148.12
34.8639
35.7477
1550117889901
1212.08
149.759
154.99
180
179.98
150.86
150.42
34.6007
34.8989
1550117889935
1214.92
151.723
155.314
180
180
150.863
150.661
34.3591
34.9553
1550117889968
1215.72
152.146
155.939
179.98
179.98
150.865
149.623
34.3765
35.428
1550117890002
1213.61
149.943
154.915
179.98
179.98
150.868
150.349
34.5209
35.0188
1550117890047
1206.18
147.334
150.272
179.98
179.98
150.87
153.056
34.7652
33.6491
1550117890072
1204.85
146.001
149.493
180
179.98
150.871
153.104
34.8059
33.6623
1550117890099
1205.23
146.862
149.623
180
179.98
150.872
152.947
34.7702
33.7453
1550117890123
1208.76
149.288
151.143
179.98
180
150.874
150.686
34.7076
34.815
1550117890146
1210.97
148.317
152.043
180
180
150.876
150.45
34.6582
34.983
1550117890202
1210.83
148.174
151.931
180
179.98
150.88
151.753
34.6652
34.3331
1550117890280
1210.7
149.138
151.548
180
180
150.886
150.396
34.6754
34.986
1550117890387
1209.23
146.171
151.211
179.98
180
150.893
148.831
34.8044
35.7268
1550117890463
1205.7
152.121
149.812
180
180
150.904
148.187
35.114
35.5989
1550117890514
1211.3
149.683
151.09
179.98
180
150.917
151.78
34.844
34.1452
1550117890571
1212.35
146.727
150.598
180
180
150.923
152.388
34.5936
34.218
1550117890595
1210.87
143.219
150.334
179.98
180
150.926
149.134
34.8286
35.7139
1550117890739
1211.87
148.454
148.766
180
180
150.932
149.988
34.799
35.2186
1550117890801
1212.54
144.531
149.392
179.98
180
150.961
148.945
34.8816
35.7702
1550117890841
1210.96
148.57
148.942
180
180
150.975
150.463
34.921
34.8973
1550117890874
1213.83
150.938
147.46
180
180
150.988
150.105
35.0168
34.9586
1550117890900
1215.52
151.603
148.988
180
180
151.013
149.747
34.9468
35.1593
1550117890957
1214.37
151.516
148.557
180
180
151.022
149.752
35.016
35.1163
1550117891031
1215.95
151.392
150.046
179.972
180
151.041
150.853
34.9737
34.5967
1550117891090
1215.52
148.918
148.524
179.98
179.98
151.046
152.329
34.955
34.0137
1550117891125
1215.23
150.099
150.994
180
180
151.05
150.403
34.6294
35.184
1550117891158
1209
145.094
148.116
180
180
151.054
150.2
35.0157
35.1685
1550117891192
1213.05
148.034
150.316
180
180
151.062
151.201
34.7629
34.7687
1550117891262
1211.69
148.884
150.148
180
180
151.064
150.424
34.9459
34.9509
1550117891330
1208.12
144.59
146.584
180
180
151.075
152.334
34.6817
34.5799
1550117891436
1210.61
146.472
149.26
179.98
180
151.087
149.267
34.9227
35.6821
1550117891558
1209.56
146.19
148.174
180
180
151.095
149.773
34.8566
35.5632
1550117891583
1210.99
148.489
148.857
180
180
151.107
148.389
35.1679
35.8284
1550117891625
1223.29
148.953
149.011
180
180
151.127
148.723
35.1497
35.6998
1550117891692
1236.03
146.255
149.087
180
180
151.176
148.496
35.1266
35.9662
1550117891791
1236.65
144.285
149.092
180
180
151.193
148.468
35.2271
35.9683
1550117891825
1237.66
146.069
149.774
180
180
151.238
149.139
35.0314
35.8183
1550117891934
1229.55
142.843
150.901
180
180
151.29
150.147
34.814
35.6969
1550117892044
1226.07
142.691
151.688
179.98
180
151.361
149.559
34.9403
35.9018
1550117892113
1224.46
142.374
150.513
180
180
151.389
149.206
35.0555
36.0282
1550117892138
1222.56
142.853
148.534
179.98
179.98
151.447
149.603
35.1545
35.8494
1550117892192
1227.18
142.89
150.891
180
180
151.478
149.94
34.938
35.8618
1550117892226
1226.66
143.058
149.488
180
180
151.502
150.677
34.7695
35.7394
1550117892259
1227.8
142.935
149.667
179.98
180
151.486
150.404
34.8378
35.7982
1550117892292
1230.84
138.772
150.179
180
179.98
151.47
151.123
34.7157
35.7415
1550117892391
1230.57
130.601
149.985
179.98
179.98
151.465
151.705
34.6513
35.8718
1550117892447
1229.84
128.032
149.552
179.98
179.98
151.46
152.26
34.4977
35.8911
1550117892486
1225.61
113.5
148.739
179.98
179.98
151.432
153.67
34.4056
36.0284
1550117892567
1223.26
122.747
148.841
180
180
151.418
152.162
34.5268
36.1875
1550117892594
1222.63
139.802
152.501
179.98
179.98
151.433
149.089
35.2686
36.1855
1550117892775
1224.69
138.534
153.627
180
180
151.496
149.115
35.1919
36.3505
1550117892875
1226.93
115.104
152.929
180
180
151.539
152.922
34.7422
36.0831
1550117892924
1226.94
112.502
151.681
180
180
151.535
153.144
34.4829
36.403
1550117892949
1221.74
139.056
152.706
180
180
151.532
148.475
35.4999
36.4542
1550117892983
1226.69
127.955
152.64
180
180
151.526
151.165
34.735
36.3973
1550117893015
1223.03
136.966
152.879
179.98
180
151.522
149.04
35.3398
36.4534
1550117893066
1221.5
140.415
154.63
180
180
151.52
148.136
35.7448
36.356
1550117893100
1223.15
139.87
155.37
180
180
151.513
148.257
35.6378
36.4194
1550117893128
1225.14
139.034
156.406
180
180
151.494
148.402
35.5319
36.4855
1550117893201
1225.29
140.485
154.408
179.98
179.98
151.491
149.239
35.2907
36.3637
1550117893268
1225.96
140.717
153.464
180
179.98
151.484
149.658
35.2426
36.2699
1550117893336
1227.37
121.148
153.439
180
180
151.279
151.069
35.0468
36.6903
1550117893604
1224.84
134.644
151.984
179.98
180
151.198
151.556
35.0014
35.9872
1550117893663
1223.33
143.364
153.286
180
180
151.144
149.866
35.3356
36.0873
1550117893698
1227.11
156.638
148.684
180
179.98
150.957
152.287
34.961
34.8325
1550117893764
1218.04
154.654
148.503
180
180
150.825
151.229
35.1692
35.1667
1550117893797
1202.96
147.926
146.818
179.98
179.98
150.734
150.904
35.2748
35.4926
1550117893831
1212.48
154.275
150.098
179.98
180
150.651
150.658
35.2611
35.2068
1550117893865
1227.36
165.64
143.416
180
180
150.603
149.141
35.9188
35.097
1550117893898
1232.98
164.392
155.35
180
179.98
150.512
148.317
35.8357
34.9249
1550117893932
1244.89
162.549
151.409
180
180
150.375
146.483
35.4235
35.4487
1550117894011
1248
143.712
136.608
180
180
150.361
143.43
35.9448
35.4305
1550117894116
1273.2
143.828
147.465
180
179.972
150.39
145.73
34.4777
34.8699
1550117894139
1279.98
131.962
142.611
180
180
150.434
142.516
34.9343
35.4601
1550117894164
1302.18
129.841
147.134
180
180
150.535
145.331
33.7423
34.6317
1550117894188
1290.96
127.576
113.367
180
180
150.575
141.165
35.6571
34.4863
1550117894211
1322.14
132.086
95.9073
179.972
180
150.642
140.727
35.8242
34.0499
1550117894237
1358.52
135.078
108.444
179.972
180
150.324
145.34
33.9806
32.6056
1550117894269
1384.23
105.886
112.695
180
180
149.555
142.017
34.0578
33.1095
1550117894302
1353.3
83.3042
76.5099
180
180
149.186
143.561
34.0976
32.5264
1550117894402
1370.13
81.6073
75.0488
180
180
149.287
142.302
34.4641
32.6534
1550117894493
1313.52
68.5125
59.912
179.972
180
152.814
154.835
30.5756
30.9677
1550117894541
1281.47
122.042
110.306
180
180
149.773
141.748
36.1491
34.7122
1550117894751
1281.18
101.629
91.0904
180
180
151.414
140.512
36.7017
36.0381
1550117894814
1187.2
74.6223
85.4792
180
180
152.777
142.904
37.1569
36.1372
1550117894858
1192.64
98.332
95.8976
180
180
151.779
146.594
36.5028
34.5793
1550117894912
1234.98
130.922
136.799
180
180
145.854
141.006
35.2077
34.1859
1550117894980
1204.92
130.618
139.195
180
180
134.415
131.014
36.223
35.1338
1550117895078
1223.06
131.411
152.192
179.972
180
127.148
127.315
36.6421
35.7567
1550117895151
1237.23
123.399
144.755
180
179.972
123.781
124.686
36.945
35.8265
1550117895193
1288.58
126.072
123.631
180
180
124.7
127.223
34.4834
34.3156
1550117895216
1377.61
142.478
124.664
180
180
126.152
119.7
34.4551
34.7171
1550117895243
1447.27
111.25
104.226
180
179.98
128.646
119.508
33.1595
33.4821
1550117895309
1464.73
104.859
92.6189
180
180
130.025
117.732
33.3211
33.7631
1550117895394
1441.62
82.1173
76.8102
180
180
131.631
116.523
33.2459
33.6553
1550117895474
1439.25
79.9824
75.2473
180
180
131.674
114.672
33.2429
34.2836
1550117895522
1418.3
63.8042
71.3956
180
179.98
131.373
120.036
33.7027
31.915
1550117895579
1514.2
110.468
77.7763
180
180
131.226
118.812
33.4765
31.3648
1550117895644
1473.11
91.6466
87.3017
180
180
130.866
118.142
33.532
31.7174
1550117895669
1473.6
92.9835
91.3039
180
180
130.59
118.47
33.5241
31.5576
1550117895695
1477.8
88.6589
95.2242
180
180
130.355
118.589
33.4514
31.8482
1550117895726
1461.42
90.4224
86.6321
179.98
179.98
130.035
118.888
33.8722
31.9991
1550117895760
1490.16
107.858
101.426
180
180
129.798
118.324
33.8422
32.3511
1550117895827
1487.6
109.619
109.956
180
180
129.649
119.614
33.4637
32.3611
1550117895860
1405.97
102.986
99.4229
180
180
130.369
123.94
34.1022
32.8574
1550117895994
1365.43
114.971
107.763
180
180
129.74
123.682
35.2168
33.468
1550117896105
1314.98
133.786
130.206
180
179.972
127.509
126.37
35.7086
34.1115
1550117896199
1311.58
136.527
137.192
179.972
180
127.092
127.135
35.8033
34.181
1550117896261
1317.43
137.712
138.369
179.972
179.972
127.002
127.212
35.8297
34.2089
1550117896293
1343.8
139.096
137.349
179.972
180
127.195
126.347
35.9411
34.2928
1550117896406
1355.95
137.915
134.886
180
179.972
127.307
125.831
35.7146
34.301
1550117896471
1333.32
133.704
128.731
180
180
127.614
125.245
35.8107
34.219
1550117896532
1293.65
133.514
122.989
179.972
180
127.14
126.649
35.6139
34.0953
1550117896598
1332.06
134.043
130.418
179.972
179.972
126.343
126.344
35.5439
34.1448
1550117896694
1350.12
131.996
129.386
180
180
126.266
126.23
35.4374
34.1452
1550117896727
1336.41
131.834
137.461
179.972
179.972
126.36
125.486
35.1665
33.9584
1550117896761
1333
126.807
139.379
179.98
179.98
127.016
123.053
34.7477
33.6995
1550117896827
1350.84
119.605
130.432
180
180
127.775
121.545
34.4234
33.4289
1550117896860
1363.2
110.539
110.551
180
180
128.774
119.765
34.5706
33.2084
1550117896894
1404.03
99.943
104.776
180
180
129.769
119.46
34.217
32.9187
1550117896927
1393.24
85.7279
87.2136
180
180
131.573
116.125
34.0097
33.6821
1550117897037
1405.67
78.7484
85.1589
180
180
131.508
118.363
33.9942
31.9799
1550117897200
1437.4
74.5969
84.0362
180
180
131.034
117.092
34.2993
32.2414
1550117897242
1461.72
91.1795
91.0845
179.972
180
131.085
119.438
33.8136
31.7093
1550117897294
1465.47
92.9816
94.0915
180
180
131.127
118.723
33.5778
32.2808
1550117897327
1460.01
94.515
89.2509
180
180
131.148
118.653
33.9329
32.1912
1550117897361
1467.99
95.1232
86.9574
180
180
132.024
118.532
34.1811
32.3607
1550117897427
1438.99
89.1692
85.317
180
180
133.825
120.306
33.9242
32.3914
1550117897495
1414.09
85.9317
81.3654
179.98
179.98
134.806
120.676
34.0204
32.5392
1550117897561
1422.68
81.0567
68.8303
179.98
179.98
138.952
120.31
33.893
33.7893
1550117897669
1434.42
78.4705
65.3498
180
180
140.617
124.282
34.0514
32.8715
1550117897728
1428.21
72.5533
63.7291
179.98
179.98
143.083
125.331
33.1408
33.8031
1550117897752
1413.67
57.5887
52.3366
179.98
179.98
150.461
134.174
33.0317
33.3668
1550117897775
1381.05
58.4739
55.6877
179.98
179.98
147.411
125.4
33.6488
33.7013
1550117897829
1060.4
104.084
111.752
180
180
159.184
162.63
37.9572
37.6393
1550117898268
1005.88
108.085
102.711
180
180
148.892
139.401
39.8023
39.4705
1550117898303
1336.99
92.7698
140.184
180
179.98
125.857
121.043
33.3627
33.1619
1550117898407
1277.66
129.314
109.275
180
180
149.55
140.242
36.1744
35.4566
1550117898619
1121.2
164.644
169.616
179.972
179.972
147.238
152.32
36.7842
37.389
1550117898802
887.763
59.5905
66.2766
179.96
180
173.5
147.705
38.3267
38.4105
1550117898837
978.832
96.4988
93.7526
180
180
170.917
173.134
36.6873
35.7842
1550117898953
1433.54
174.719
178.235
180
180
150.757
150.965
30.6421
30.6439
1550117899034
1103.97
105.738
126.085
180
180
154.682
150.703
38.4553
38.5661
1550117899181
1100.7
96.9365
129.164
180
180
154.531
151.311
38.5495
38.9486
1550117899264
1103.45
127.25
137.643
180
180
154.068
154.121
38.6779
38.48
1550117899287
1077.17
134.387
132.54
180
180
152.66
152.692
39.5159
39.2308
1550117899310
1049.85
127.816
118.031
179.98
179.98
151.468
151.892
40.7465
40.2876
1550117899343
992.437
90.1697
79.0303
180
180
156.31
154.336
44.2984
43.5346
1550117899376
926.397
47.5047
46.516
180
179.952
156.102
163.121
45.0524
44.8344
1550117899410
1131.05
79.7617
81.1844
179.972
180
152.696
153.052
42.7745
42.1918
1550117899599
1353.71
136.079
131.291
179.972
180
144.556
142.967
35.8653
35.1771
1550117899663
1480.59
139.152
130.968
180
180
141.794
139.61
34.3514
33.0363
1550117899710
1472.68
105.104
96.4988
179.98
179.98
143.765
135.529
32.2823
32.2554
1550117899793
1485.65
59.2537
55.9469
180
180
152.553
138.442
32.8898
32.6638
1550117899819
1461.03
55.0493
34.3881
180
180
156.468
140.817
34.0683
33.4577
1550117899846
914.709
59.8768
73.556
179.98
180
150.299
157.825
44.8589
44.8785
1550117900008
1093.65
151.155
146.031
179.98
180
139.31
142.671
39.8416
39.0687
1550117900098
1354.58
75.0065
101.641
179.972
179.972
147.944
134.804
34.0298
33.978
1550117900331
1301.51
79.1727
93.9371
179.972
179.972
147.897
132.494
34.0556
35.1857
1550117900397
1558.33
110.765
132.861
180
180
134.762
129.93
29.9221
30.4601
1550117900511
1540.62
90.7623
148.732
179.98
179.98
130.198
128.062
27.9713
30.7495
1550117900585
1489.47
111.258
122.165
180
180
129.254
129.228
27.5324
29.2232
1550117900632
1493.93
119.061
132.4
180
180
129.264
121.842
29.7539
30.2198
1550117900680
1438.65
79.2983
99.1034
179.972
179.972
131.243
128.397
28.3878
31.3899
1550117900731
1453.52
79.3305
99.3138
180
180
135.746
127.407
30.6448
31.4963
1550117900781
1452.95
72.4932
108.832
179.98
180
137.603
129.208
30.6814
31.9945
1550117900851
1428.69
87.7918
118.49
180
180
137.864
130.731
30.9974
31.7106
1550117900887
1424.48
97.2334
137.024
179.98
179.98
137.501
132.079
30.662
31.46
1550117900909
1367.16
91.7067
104.872
180
180
137.092
130.969
31.4141
31.9005
1550117900934
1401.73
97.2101
140.433
179.98
179.98
136.986
131.337
31.6658
32.0687
1550117900964
1333.76
91.1801
111.02
180
180
137.277
134.355
32.6718
32.8113
1550117901064
1337.17
99.2071
116.542
179.972
179.972
136.375
133.968
32.3497
32.6896
1550117901099
1393.1
115.791
157.667
180
179.972
135.359
131.094
32.2384
32.7485
1550117901131
1397.26
115.092
160.556
179.972
179.972
135.888
132.353
32.3595
32.8604
1550117901197
1388.18
114.481
169.164
180
180
137.042
134.548
32.2463
33.1826
1550117901273
1313.92
109.082
116.725
179.972
179.972
136.867
133.704
33.0771
33.3646
1550117901345
1327.58
111.726
159.372
180
180
135.985
132.406
32.914
33.3259
1550117901376
1324.46
110.591
155.904
180
180
135.29
132.639
32.244
33.3181
1550117901403
1332.46
115.276
159.724
180
180
135.31
132.937
32.0636
33.2566
1550117901432
1291.47
116.682
122.994
180
180
136.186
133.42
32.8911
33.2876
1550117901464
1287.09
116.058
119.16
180
180
136.788
134.05
33.1192
33.4236
1550117901530
1331.18
112.722
158.111
180
180
136.689
134.433
32.5445
33.4834
1550117901564
1285.07
110.974
120.782
180
180
135.897
133.496
32.9803
33.3349
1550117901631
1337.65
109.801
173.518
180
179.972
135.838
134.329
32.2386
33.3199
1550117901664
1279.67
107.292
120.712
179.972
179.972
135.929
133.469
32.9857
33.4979
1550117901738
1269.58
110.452
119.571
180
180
135.96
133.407
32.9716
33.5227
1550117901817
1265.37
115.567
119.004
179.972
179.972
135.969
133.128
33.0954
33.4208
1550117901873
1323.18
111.569
162.892
179.972
180
135.976
132.872
32.7901
33.5386
1550117901931
1324.11
114.326
165.459
179.972
179.972
136.001
133.072
32.7776
33.4792
1550117902003
1324.18
117.804
168.284
180
180
136.017
133.372
32.6123
33.4069
1550117902072
1277.85
113.913
123.975
179.972
180
135.84
133.01
32.9693
33.4906
1550117902142
1363.13
123.92
169.132
180
180
135.057
132.859
32.0555
32.9306
1550117902198
1326.56
123.331
137.035
179.972
179.972
135.107
133.013
32.2353
33.1088
1550117902231
1300.87
110.973
124.033
180
180
134.99
132.633
32.7834
33.3733
1550117902265
1298.5
118.677
124.407
179.972
179.972
135.03
132.145
32.9769
33.3406
1550117902298
1307.54
114.105
130.047
180
179.972
135.006
132.514
32.7013
33.4739
1550117902348
1308.06
118.096
130.865
179.972
179.972
134.985
131.851
32.8713
33.5169
1550117902372
1306.74
108.354
130.508
180
180
134.961
132.727
32.7774
33.5048
1550117902400
1294.89
124.386
123.881
180
180
134.94
132.405
32.9404
33.2194
1550117902432
1349.68
119.44
170.425
180
179.972
134.915
132.063
32.3645
33.6476
1550117902466
1297.1
106.67
126.474
180
180
134.892
132.714
32.9067
33.6005
1550117902499
1294.94
122.581
125.898
180
179.972
134.878
132.126
32.9937
33.3862
1550117902533
1293.11
108.032
126.359
179.972
180
134.864
133.06
32.9277
33.5593
1550117902649
1338.86
124.438
163.806
180
180
134.861
131.88
32.849
33.6526
1550117902733
1270.65
123.409
126.117
179.972
179.972
134.853
132.298
33.1019
33.7375
1550117902819
1308.84
122.684
167.318
180
180
135.202
132.649
32.9806
33.9031
1550117902890
1247.63
118.573
122.514
180
180
135.58
132.706
33.6686
34.1546
1550117902914
1247.61
117.412
122.87
180
180
135.362
132.412
33.7212
34.311
1550117902970
1328.94
127.551
154.384
179.972
179.972
134.497
131.166
33.557
34.1152
1550117903082
1319.39
126.717
153.381
180
180
134.582
131.377
33.7029
34.3111
1550117903179
1288.29
133.835
138.447
180
180
133.545
129.204
34.8716
34.5836
1550117903292
1245.27
127.976
134.159
180
180
132.858
129.887
34.9155
35.0343
1550117903394
1234.72
128.554
139.055
180
180
132.214
129.758
34.8945
35.2538
1550117903422
1239.3
127.158
142.706
180
180
131.766
129.766
34.8876
35.3629
1550117903446
1243.58
125.526
142.683
180
180
131.7
129.802
34.923
35.4488
1550117903476
1248.29
122.906
142.564
180
180
131.671
129.817
34.9333
35.5963
1550117903508
1246.7
121.638
141.622
179.972
179.972
131.656
129.716
35.0049
35.704
1550117903544
1241.37
122.761
140.704
180
179.972
131.647
129.743
35.0927
35.6856
1550117903610
1239.65
125.047
140.787
179.972
179.972
131.651
129.769
35.0996
35.6087
1550117903643
1238.87
122.395
141.559
180
180
131.656
129.452
35.1976
35.7389
1550117903677
1240.52
122.828
143.617
180
180
131.645
128.915
35.3383
35.7357
1550117903713
1240.75
123.925
144.315
180
179.972
131.644
128.381
35.5046
35.7112
1550117903745
1241.6
125.788
144.594
180
180
131.613
128.059
35.5123
35.6982
1550117903845
1240.72
125.382
143.576
179.972
179.972
131.57
127.996
35.4855
35.7226
1550117903912
1240.77
125.522
143.408
179.972
179.972
131.551
127.772
35.4934
35.7759
1550117903947
1237.67
126.135
141.973
179.972
179.972
131.504
128.196
35.4808
35.567
1550117904096
1238.12
123.968
144.784
179.972
179.972
131.49
129.344
35.1671
35.4239
1550117904190
1235.51
126.35
143.745
179.972
179.972
131.481
129.596
35.0403
35.3869
1550117904237
1234.6
125.331
144.55
180
180
131.471
129.639
35.017
35.4071
1550117904286
1226.88
125.696
144.591
180
180
131.505
129.608
35.0678
35.4
1550117904340
1216.16
125.466
142.209
179.972
179.972
132.169
129.982
35.0872
35.388
1550117904374
1217.89
123.325
142.917
179.972
179.972
132.47
130.213
35.0713
35.4119
1550117904423
1225.53
123.168
143.226
180
179.972
132.082
130.115
35.1364
35.4437
1550117904518
1227.36
125.735
147.459
179.972
179.972
131.593
129.61
35.2435
35.4356
1550117904621
1213.79
127.886
143.287
179.972
180
131.6
130.159
35.1101
35.3791
1550117904751
1213.28
128.894
142.73
180
179.972
131.6
130.177
35.1056
35.3468
1550117904831
1215.85
128.863
144.311
179.972
179.972
131.601
130.152
35.059
35.3458
1550117904867
1217.11
128.443
145.407
179.972
179.972
131.601
130.102
35.0561
35.3526
1550117904934
1216.92
127.904
145.277
179.972
179.972
131.601
130.159
35.0493
35.3535
1550117904967
1216.77
128.012
145.163
179.972
179.972
131.607
130.138
35.0573
35.3525
1550117905000
1216.58
127.759
144.843
179.972
180
131.625
130.145
35.0564
35.3604
1550117905066
1216.3
127.76
144.287
180
179.972
131.629
130.2
35.0442
35.3581
1550117905100
1217.05
127.795
144.377
179.972
180
131.631
130.127
35.0687
35.3572
1550117905134
1217.78
127.673
144.598
180
180
131.632
129.945
35.1376
35.3627
1550117905167
1219.84
127.711
145.279
179.972
179.972
131.632
130.111
35.0431
35.3615
1550117905276
1220.06
127.717
145.117
179.972
179.972
131.632
130.307
34.9578
35.36
1550117905345
1219.22
127.994
143.969
180
179.972
131.637
130.075
35.0607
35.3665
1550117905446
1222.57
127.565
142.468
180
180
131.595
127.269
35.4595
36.0141
1550117905495
1225.78
127.215
142.719
179.972
180
131.566
127.612
35.3666
35.8773
1550117905519
1227.21
126.661
142.018
179.972
179.972
131.577
127.667
35.3997
35.8493
1550117905541
1230.7
127.052
141.719
180
179.972
131.597
127.665
35.3787
35.872
1550117905570
1246.56
127.659
142.067
179.972
179.972
131.68
127.866
35.3525
35.8876
1550117905642
1261.45
127.849
143.73
179.972
179.972
132.91
129.756
35.3207
35.9976
1550117905775
1232.76
126.986
144.016
179.972
180
133.737
131.026
35.3493
36.0741
1550117905848
1228.32
126.159
143.845
179.972
179.972
134.099
131.583
35.3657
36.0941
1550117905914
1238.41
122.018
138.629
179.972
180
131.851
128.859
35.4964
35.8561
1550117906003
1252.7
119.128
134.568
179.972
180
131.491
128.401
35.6461
35.8582
1550117906067
1277.15
125.898
145.678
180
180
131.811
128.965
35.0358
35.7501
1550117906175
1265.51
128.679
146.265
179.972
180
132.019
129.164
35.1103
35.5915
1550117906239
1252.07
128.947
146.903
180
179.972
132.019
129.904
34.782
35.5808
1550117906277
1235.33
128.41
146.196
180
179.972
131.944
129.532
34.9728
35.5855
1550117906316
1221.15
128.574
146.54
180
179.972
131.498
129.944
34.8741
35.4886
1550117906446
1225.06
129.38
146.632
179.972
179.972
131.376
129.939
34.8481
35.4734
1550117906474
1251.93
136.66
151.827
179.972
179.972
131.578
128.545
34.7752
35.7232
1550117906534
1255.55
136.447
152.503
179.972
179.972
131.412
129.831
34.6844
35.0547
1550117906567
1253.52
136.072
152.016
179.972
180
131.347
129.878
34.7008
35.0019
1550117906633
1249.98
135.088
151.32
179.972
179.972
131.296
129.885
34.6704
35.0804
1550117906710
1242.02
133.137
149.359
179.972
179.972
130.839
128.283
34.6841
35.7001
1550117906781
1246.11
132.425
156.967
179.972
179.972
130.046
126.633
34.8127
35.6469
1550117906850
1269.24
136.987
166.591
180
179.972
130.745
128.047
34.2091
35.376
1550117906977
1254.63
136.076
152.838
180
180
131.143
130.205
34.2884
34.8828
1550117907020
1255.21
136.152
151.383
179.972
179.972
131.032
130.704
33.8991
34.9628
1550117907046
1256.4
136.276
154.749
179.972
180
131.006
128.492
34.5324
35.2907
1550117907072
1250.55
137.185
150.296
180
180
130.977
128.801
34.44
35.3196
1550117907103
1247.3
137.481
156.829
179.972
179.972
130.948
125.628
35.2839
35.8531
1550117907169
1256.66
136.303
155.503
179.972
180
130.953
129.725
33.9121
35.2121
1550117907203
1256.44
132.673
156.668
180
180
130.978
129.933
34.1644
34.9488
1550117907237
1208.38
129.862
129.399
179.972
179.972
130.984
128.579
35.7142
34.6229
1550117907304
1247.86
136.826
160.6
180
179.972
131.035
127.561
35.1869
34.9386
1550117907380
1241.21
132.362
149.336
180
179.972
131.041
130.326
34.2791
35.0413
1550117907448
1250.9
134.109
154.866
180
179.972
130.942
130.61
34.09
34.7126
1550117907509
1198.89
126.189
121.072
179.972
179.972
130.925
128.483
36.033
34.7774
1550117907532
1244.7
120.21
148.833
180
179.972
130.846
131.391
34.213
34.9511
1550117907611
1241.69
118.329
148.388
179.972
180
130.789
131.192
34.4331
34.9695
1550117907687
1259.46
134.524
159.94
180
180
130.702
129.614
34.3148
34.8188
1550117907730
1258.63
139.368
162.232
179.972
179.972
130.79
128.584
34.7011
34.8675
1550117907814
1259.77
136.477
162.121
180
179.972
130.887
129.177
34.4603
34.9985
1550117907855
1249.94
128.354
154.534
179.972
179.972
131.101
129.853
34.4325
35.3202
1550117907917
1258.84
122.947
156.349
179.972
179.972
132.971
131.096
34.0893
35.5889
1550117908077
1222.92
86.8114
77.8346
180
179.972
143.061
140.279
38.3673
37.6324
1550117908296
1238.5
101.031
92.6946
180
180
143.192
136.568
38.5711
38.8585
1550117908369
1273.07
114.282
111.245
180
180
142.275
136.923
38.3709
38.5312
1550117908401
1359.12
139.603
140.49
180
180
140.088
137.822
37.0924
37.3334
1550117908424
1426
137.788
153.001
180
179.966
134.723
134.556
35.9587
35.6694
1550117908467
1438.89
141.095
165.042
180
180
132.331
133.096
35.1671
34.7464
1550117908513
1411.43
144.632
163.728
179.972
179.972
130.439
131.68
34.6051
34.2591
1550117908537
1374.27
147.925
176.675
179.972
179.972
129.387
129.872
34.1208
34.1059
1550117908564
1339.18
149.261
172.906
180
180
128.901
127.99
33.9987
34.1585
1550117908589
1308.18
138.145
148.728
180
180
130.079
125.386
34.3488
34.3925
1550117908648
1310.63
130.969
140.562
179.972
180
131.386
125.205
34.4393
34.69
1550117908682
1303.45
121.154
131.189
179.972
179.972
132.917
126.234
34.7555
35.0216
1550117908715
1280.36
128.657
137.751
180
180
136.65
133.959
35.119
35.9149
1550117908828
1276.66
134.94
143.237
180
180
136.548
134.788
36.0228
36.4275
1550117908895
1228.35
150.9
133.119
180
180
133.673
132.887
38.8429
38.4146
1550117908935
1191.05
153.901
128.285
180
180
131.797
132.075
39.7675
39.6227
1550117908979
1167.63
163.438
132.412
180
180
128.211
132.808
40.3678
39.843
1550117909052
1284.78
139.469
155.324
179.98
180
135.388
133.016
36.3075
36.6341
1550117909102
1280.46
138.427
143.092
179.98
180
135.186
135.165
36.8922
37.6812
1550117909135
1275.27
140.669
142.905
179.98
180
134.53
135.305
37.0504
37.7831
1550117909162
1276.06
142.924
145.592
180
180
133.641
135.273
36.9874
37.7129
1550117909187
1271.87
144.703
148.785
180
180
132.174
134.944
36.9947
37.7183
1550117909220
1268.88
144.22
150.295
180
180
131.874
134.846
37.1151
37.8865
1550117909246
1267.92
145.165
150.029
180
179.98
131.549
135.158
36.8738
37.936
1550117909273
1232.77
150.92
149.557
179.98
179.98
130.835
136.066
36.8554
37.3587
1550117909414
1237.82
153.645
148.781
180
180
131.126
134.88
37.5912
38.6736
1550117909585
1240.85
152.844
149.317
180
180
131.298
135.304
37.8626
38.4923
1550117909608
1242.16
150.121
147.253
180
179.98
131.33
137.219
37.7391
37.9349
1550117909668
1233.68
151.177
148.229
179.98
180
131.189
136.206
38.0173
38.3955
1550117909742
1228.51
152.59
148.712
179.98
179.98
131.123
135.527
38.1637
38.7077
1550117909825
1223.84
151.737
148.155
179.98
179.98
131.062
135.897
38.1892
38.5877
1550117909867
1218.1
151.891
148.473
180
179.98
131.273
135.745
38.2188
38.7229
1550117909909
1209.98
151.72
148.747
180
179.98
131.896
135.786
38.2643
38.8293
1550117909975
1214.78
151.74
148.84
180
179.98
132.337
135.703
38.2963
38.9612
1550117910018
1371.16
124.204
125.695
180
180
136.552
130.924
34.4946
34.1862
1550117910215
1402.55
123.765
130.144
180
180
134.873
131.792
34.6763
34.1451
1550117910316
1357.63
126.054
137.008
180
180
133.907
133.549
34.6596
34.0893
1550117910415
1329.68
128.507
143.394
180
180
133.9
134.684
34.5578
34.2975
1550117910490
1321.01
137.826
149.031
180
180
134.166
134.75
34.551
34.2964
1550117910531
1258.71
137.599
144.022
179.972
179.972
129.113
135.414
37.0724
37.5968
1550117910678
1235.24
142.384
142.073
180
180
127.65
133.715
37.8821
38.3053
1550117910741
1186.19
146.712
139.492
180
180
125.429
133.972
38.7555
38.2808
1550117910801
1366.32
111.865
120.78
180
180
139.459
128.703
36.1118
34.6498
1550117910947
1479.36
129.462
137.5
180
179.98
141.065
133.045
34.6598
33.4692
1550117911016
1462.91
116.454
119.977
180
180
140.701
131.457
35.2938
34.4563
1550117911120
1455.05
115.001
113.734
180
180
141.089
130.371
35.9631
35.0482
1550117911146
1446.72
90.442
81.8154
180
180
151.191
140.185
36.5536
36.6244
1550117911381
1363.96
93.9182
87.0128
180
180
151.375
139.86
35.5285
35.6048
1550117911448
1508.58
95.7285
94.5183
180
180
150.038
138.633
33.4499
32.4376
1550117911585
1455.78
97.2412
91.9115
180
180
148.051
134.508
35.7482
34.8515
1550117911680
1419.56
108.419
97.2537
180
179.98
147.477
136.777
36.1015
36.209
1550117911740
1377.68
103.818
93.6327
180
180
147.402
138.364
36.9694
37.1018
1550117911774
1313.81
105.573
96.6707
180
180
147.25
143.117
38.5669
38.4745
1550117911850
1301.67
125.348
103.817
180
180
145.938
144.711
39.2048
38.4796
1550117911917
1169.78
146.663
162.634
180
180
143.957
143.587
38.9592
37.9986
1550117912011
1158.68
151.439
104.655
179.98
180
150.37
150.732
41.7393
40.4346
1550117912052
1097.91
91.8497
79.4998
179.98
179.98
154.31
158.713
44.1343
42.4279
1550117912093
1098.03
82.511
74.9194
179.98
179.96
155.221
159.601
44.533
42.9331
1550117912163
1187.28
159.521
97.7316
179.98
179.98
154.254
153.544
42.52
40.7488
1550117912191
1127.55
31.3196
108.871
35.2715
180
153.969
121.955
41.8336
55.9117
1550117912214
1119.89
30.0426
112.008
34.5589
179.98
154.349
125.565
41.7232
55.5917
1550117912243
1106.49
29.7964
108.549
34.4336
179.98
154.439
127.239
41.9707
55.464
1550117912277
1072.64
39.3119
93.535
37.5084
180
153.898
130.113
43.0455
55.569
1550117912344
1063.89
64.2118
88.5657
38.6788
179.98
154.2
128.514
43.609
56.2608
1550117912378
1068.69
99.8676
84.7346
45.8656
180
155.895
126.046
44.2324
55.9691
1550117912454
1076.89
92.4194
83.5676
44.6355
180
156.662
121.384
44.1711
57.4583
1550117912513
1116.15
46.8562
79.8836
38.5498
179.98
155.018
106.859
42.9
59.712
1550117912571
1147.67
13.954
110.592
37.1939
180
150.908
119.002
40.487
56.9859
1550117912626
1269.03
13.8584
122.703
35.0036
180
150.42
122.308
38.9965
56.3346
1550117912711
1182.93
18.3847
115.807
34.1166
179.98
151.019
119.504
38.9324
56.3278
1550117912747
1188.14
20.95
111.389
36.5552
179.98
151.577
116.52
38.875
56.0183
1550117912814
1187.5
24.0146
109.099
36.0696
179.98
151.999
115.254
38.8324
56.0325
1550117912848
1186.52
27.3595
106.873
35.7436
180
152.573
114.059
38.7855
56.0174
1550117912883
1186.02
30.6763
105.119
35.1844
179.98
153.011
113.046
38.723
56.0054
1550117912916
1189.7
32.6339
103.356
37.8171
180
153.622
112.459
38.6248
55.5407
1550117912990
1193.87
32.3272
103.09
38.5094
180
153.708
112.646
38.6005
55.3942
1550117913053
1202.54
32.1453
103.182
38.3604
180
153.73
112.604
38.5573
55.3978
1550117913116
1205.33
32.194
103.779
37.8397
179.98
153.563
112.971
38.534
55.4293
1550117913210
1196.77
31.0024
104.733
36.5692
179.966
153.044
113.713
38.5319
55.553
1550117913238
1196.56
30.2095
104.953
36.7453
179.972
152.874
113.811
38.5282
55.5236
1550117913264
1198.34
28.8899
105.062
37.4225
179.972
152.632
113.448
38.5162
55.4164
1550117913288
1199.87
27.8782
105.532
37.922
179.98
152.583
113.593
38.504
55.2859
1550117913318
1224.94
19.7867
117.054
38.364
180
152.295
119.027
37.918
54.5555
1550117913385
1245.73
12.2511
127.414
38.6426
180
151.994
125.441
37.4541
53.5142
1550117913420
1252.68
7.9725
132.075
39.3767
180
151.546
129.115
37.2106
52.7079
1550117913453
1257.58
5.80096
136.013
38.7063
180
151.322
131.843
36.9468
52.3979
1550117913486
1259.98
3.07651
137.803
36.8465
180
151.458
135.125
36.8283
52.2036
1550117913521
1272.29
5.67478
138.403
34.793
180
151.677
138.677
36.358
52.3246
1550117913587
1272.57
9.76026
138.444
31.9544
180
151.776
140.693
36.2983
52.5948
1550117913621
1271.24
12.9707
138.388
29.962
179.972
151.833
142.539
36.3337
52.843
1550117913655
1269.79
18.3216
138.327
26.1703
179.972
151.885
146.621
36.3717
53.3346
1550117913703
1261.91
25.8063
138.277
19.9465
180
151.936
151.103
36.4016
54.4705
1550117913733
1255.28
136.113
138.19
180
180
151.999
149.105
36.433
36.9781
1550117913755
1253.54
136.073
138.274
179.972
179.972
152.087
149.109
36.4635
36.9794
1550117913780
1421.54
119.909
122.196
180
180
152.081
146.596
35.3261
35.8667
1550117913807
1477.67
109.106
102.412
180
179.972
151.973
145.136
34.3524
34.6612
1550117913838
1513.25
91.025
68.8659
180
179.98
151.258
143.755
32.0724
31.6963
1550117913937
1556.29
81.3207
61.4119
179.98
179.98
151.706
143.078
32.0825
31.3357
1550117913971
1560.14
73.5732
59.6721
180
180
152.724
144.658
31.556
31.1036
1550117914005
1547.43
70.1804
52.5986
180
180
153.924
146.634
31.3924
30.9046
1550117914038
1530.09
65.6351
52.0624
179.98
179.98
154.804
147.458
31.3636
30.8223
1550117914071
1522.26
62.1858
49.5946
180
180
155.463
148.111
31.3763
30.6997
1550117914104
1523.59
59.6926
48.9842
180
180
155.688
148.399
31.2284
30.6276
1550117914137
1533.23
59.4271
49.0272
180
180
155.991
147.795
31.2428
30.5391
1550117914237
1537.2
57.4199
49.4095
180
180
156.024
147.741
31.1183
30.4908
1550117914271
1558.85
55.769
54.7383
179.98
179.98
155.355
146.26
30.7875
30.3291
1550117914350
1543.71
54.2524
52.1655
179.98
179.98
155.035
145.322
31.2776
30.6035
1550117914416
1526.66
62.1896
53.3858
180
180
154.367
144.193
31.8107
30.8345
1550117914485
1578.61
70.7559
58.5744
180
180
152.573
141.337
33.3513
31.7901
1550117914554
1571.97
85.0511
74.8304
180
180
151.937
141.618
32.9407
31.9905
1550117914588
1438.04
91.7
80.5066
179.98
179.98
151.999
140.896
34.1039
32.311
1550117914631
1541.81
96.0183
86.2539
180
180
152.351
141.611
34.5596
32.6092
1550117914654
1415.79
94.8235
87.4966
180
180
152.731
144.121
34.1458
32.9627
1550117914680
1401.38
92.9127
94.5368
180
180
152.858
145.492
34.0237
33.3446
1550117914725
1376.7
109.866
104.535
179.98
179.98
151.959
143.324
34.8315
33.4163
1550117914806
1486.72
113.808
107.118
180
180
151.809
143.503
34.9274
33.5159
1550117914879
1373.98
114.11
109.387
179.972
179.972
151.937
143.975
34.7662
33.648
1550117914918
1355.45
114.553
112.242
180
180
152.424
146.278
34.0784
33.6904
1550117914975
1471.31
114.855
111.759
179.972
179.972
152.661
147.005
34.039
33.6
1550117915014
1371.39
114.264
115.305
180
180
152.854
146.543
34.1915
33.7389
1550117915050
1357.06
113.878
111.49
180
180
153.005
146.788
34.277
33.7692
1550117915087
1461.98
113.381
112.326
180
180
152.945
146.889
34.2269
33.8233
1550117915123
1347.56
115.006
114.09
180
180
152.638
146.405
34.3741
33.9117
1550117915227
1456.49
115.952
113.063
179.972
179.972
152.49
146.201
34.51
33.907
1550117915252
1357.9
117.435
113.311
180
180
152.312
146.555
34.3609
33.8764
1550117915279
1356.42
117.117
115.916
180
180
152.308
145.322
34.8936
33.895
1550117915308
1350.26
116.508
114.988
180
180
152.328
146.197
34.4964
33.9111
1550117915339
1335.81
115.533
113.393
180
180
152.377
144.087
35.505
33.9551
1550117915372
1353.68
115.336
119.232
179.972
180
152.363
144.994
34.8965
33.9849
1550117915446
1352.26
116.565
117.904
179.966
179.966
152.277
144.659
35.0799
33.9462
1550117915512
1351.48
117.673
118.2
180
180
152.213
145.371
34.7964
33.9021
1550117915586
1350.68
116.964
111.646
179.972
179.972
152.204
145.272
35.1161
33.8674
1550117915679
1349.12
120.9
109.976
179.972
180
152.244
144.047
35.6741
33.7769
1550117915771
1345.36
113.305
113.452
180
179.972
152.235
145.875
34.8468
33.9955
1550117915880
1352.41
115.772
113.335
179.972
179.972
152.235
144.886
35.306
33.9072
1550117915934
1351.23
118.934
115.565
180
180
151.95
143.784
35.1696
34.2137
1550117916013
1339.3
120.892
114.822
180
180
151.605
142.938
35.1357
34.4021
1550117916074
1336.57
121.197
116.996
180
180
151.577
142.661
35.1475
34.4589
1550117916108
1343.32
116.294
103.199
180
180
151.91
143.651
35.4542
35.1725
1550117916259
1326.73
113.567
103.804
179.972
179.972
151.906
143.711
35.5226
35.1781
1550117916293
1335.69
116.522
103.802
180
180
152.792
146.037
35.0892
34.5681
1550117916325
1344.05
119.233
105.638
179.972
179.972
152.924
146.779
34.6618
34.2036
1550117916356
1446.92
116.852
107.663
179.972
179.972
152.612
144.838
34.8225
34.2663
1550117916387
1439.46
116.048
115.271
179.972
179.972
151.127
142.086
34.6461
33.828
1550117916478
1343.59
117.735
111.791
180
180
150.133
141.751
34.7636
33.5905
1550117916578
1325.89
118.336
111.084
179.972
180
150.635
141.659
35.0224
33.8446
1550117916613
1449.74
121.438
118.128
179.972
180
151.473
144.527
34.5037
33.5824
1550117916647
1489.5
80.6755
101.369
180
180
152.659
135.492
32.8224
35.3441
1550117916789
1498.46
68.9163
78.4775
180
180
150.266
130.379
31.5433
33.7354
1550117916818
1503.92
64.3745
79.0939
180
180
149.673
123.391
32.39
34.734
1550117916848
1497.66
72.2829
71.5758
180
180
150.683
132.2
31.7142
32.6241
1550117916880
1499.22
72.4676
76.1069
179.98
179.98
152.477
131.703
33.0983
32.8879
1550117916914
1444.38
76.2176
75.1536
180
180
155.089
142.448
33.3675
32.5204
1550117916979
1514.19
99.9484
96.1819
179.98
180
154.426
145.042
33.8439
32.9004
1550117917047
1406.62
94.3529
100.229
180
180
153.58
143.628
33.6485
33.1798
1550117917202
1501.89
109.394
94.9076
179.98
180
152.372
146.572
32.9298
32.5299
1550117917349
1407.45
108.062
106.429
180
180
152.59
142.715
34.9222
33.4203
1550117917464
1517.59
104.4
88.2843
180
180
152.666
144.303
33.9284
32.4745
1550117917545
1418.26
86.1942
82.2174
180
180
152.713
138.645
34.6273
32.8316
1550117917619
1438.58
79.6978
75.3586
179.98
180
152.775
140.857
33.1591
32.6041
1550117917664
1435.77
77.4229
75.0051
180
180
152.759
140.339
33.3182
32.6008
1550117917704
1437.25
82.4822
80.0215
179.98
180
152.673
141.685
32.7503
32.4468
1550117917746
1496.89
91.9205
78.5755
179.98
179.98
152.339
140.827
34.3517
32.8238
1550117917826
1367.77
106.071
93.7615
180
180
152.59
144.068
34.1797
33.2519
1550117917855
1491.01
60.9188
72.2851
180
180
152.148
135.126
33.6375
32.4787
1550117918021
1501.6
62.6377
72.018
179.98
179.98
152.401
134.282
33.5827
32.0118
1550117918056
1513.64
72.4591
72.4708
180
180
152.679
133.022
33.1255
32.4756
1550117918089
1487.79
69.6162
70.0546
180
179.98
152.731
139.29
32.0485
32.113
1550117918155
1428.64
111.516
110.481
180
179.98
154.095
149.293
32.8242
32.8589
1550117918307
1427.39
110.031
103.975
180
180
154.199
148.664
33.0727
32.6504
1550117918332
1411.25
103.091
92.5503
180
179.98
154.158
145.511
33.936
32.6871
1550117918361
1529.62
97.4917
93.0513
180
180
154.05
145.951
33.1284
32.5422
1550117918392
1524.57
87.4027
85.8194
179.98
180
153.736
144.167
32.991
32.541
1550117918441
1394.19
89.1011
73.4696
179.98
180
153.59
144.634
33.3096
32.3668
1550117918475
1515.22
90.2967
89.8133
179.98
180
153.496
144.413
32.7384
32.8251
1550117918508
1498.85
109.328
96.3252
180
180
153.629
145.674
33.8678
33.1135
1550117918651
1503.23
110.44
99.8042
180
179.98
153.794
145.992
33.8161
33.157
1550117918723
1435.42
90.8058
67.3913
179.98
180
153.97
145.125
33.0917
32.4133
1550117918832
1462.45
71.6702
70.6862
179.98
180
154.197
142.856
32.8171
32.0278
1550117918907
1461.82
72.8549
72.2697
180
180
154.066
140.875
33.3866
32.2775
1550117918942
1448.09
82.6753
83.3205
180
179.98
153.498
141.984
33.1256
32.2996
1550117919012
1402.83
85.4991
73.1874
179.98
179.98
153.25
141.34
34.1927
32.5314
1550117919076
1517.64
99.6786
78.8413
179.98
179.98
153.172
145.282
32.8677
32.5871
1550117919115
1500.33
103.524
101.912
180
179.98
153.919
144.312
34.6676
33.0438
1550117919179
1510.16
104.015
95.4051
180
179.98
153.995
145.096
34.1191
32.9503
1550117919217
1405.58
99.59
83.4009
180
180
154.031
143.034
34.944
32.7272
1550117919259
1435.31
84.8398
82.358
179.98
179.98
153.983
143.53
33.547
32.7969
1550117919336
1452.78
82.2039
81.0924
179.98
180
153.636
143.106
33.1682
32.4651
1550117919361
1435.69
83.8675
68.0055
180
180
153.327
143.101
33.6489
32.5058
1550117919408
1421.1
94.9385
80.7423
180
180
153.526
145.062
32.9295
32.3929
1550117919442
1508.41
92.8291
67.3872
179.98
179.98
153.797
142.016
35.6003
32.683
1550117919475
1443.87
103.869
108.942
180
180
154.128
145.437
33.2385
32.9244
1550117919641
1448.78
81.7649
72.2629
180
180
153.411
137.422
35.4128
32.7892
1550117919675
1459.59
70.4132
62.1853
179.98
180
152.817
135.319
34.5973
32.6104
1550117919708
1495.02
61.7609
68.1758
179.98
179.98
151.967
136.383
31.3382
33.0541
1550117919784
1508.85
74.7727
76.5869
180
180
151.325
133.497
32.5975
32.2927
1550117919882
1479.15
70.8442
76.7601
180
180
151.121
135.243
32.3599
32.7557
1550117919909
1461.17
82.0253
78.7209
179.98
179.98
151.86
140.055
32.3521
32.1381
1550117919932
1409.76
86.8939
83.6907
180
180
152.552
143.985
32.6406
32.1278
1550117919956
1528.03
101.695
92.5617
180
180
153.152
145.28
32.6963
32.551
1550117919981
1509.54
105.671
90.5467
180
180
154.108
143.158
35.5601
32.8618
1550117920116
1401.96
106.234
86.6416
180
180
153.595
146.385
33.5901
32.5522
1550117920216
1504.04
103.319
86.8073
179.98
180
153.425
145.305
33.975
32.6106
1550117920287
1494.21
99.2416
90.8419
180
180
153.295
144.039
34.4342
32.8012
1550117920355
1366.3
113.828
93.8273
180
179.972
151.929
145.152
34.1439
33.0921
1550117920437
1357.48
118.716
90.9744
180
179.972
152.772
146.167
34.3033
33.3767
1550117920476
1437.34
111.408
92.5869
179.972
180
153.005
145.58
34.425
34.1848
1550117920509
1379.03
110.667
131.862
180
180
152.993
144.094
34.0434
34.5695
1550117920543
1354.73
106.831
135.656
180
180
152.677
144.38
33.9787
34.7957
1550117920576
1340.98
107.592
130.186
179.972
179.972
152.27
142.519
34.7009
35.4549
1550117920642
1331.28
110.655
136.949
179.972
179.972
152.1
144.907
33.9649
35.2332
1550117920676
1424.84
115.076
133.662
179.972
180
152.008
143.037
34.7464
35.1515
1550117920712
1304.41
116.713
132.018
179.972
179.972
151.909
145.615
34.0165
35.1171
1550117920745
1427.05
115.446
140.891
179.972
179.972
151.803
146.23
33.5369
35.2272
1550117920778
1328.01
115.001
149.666
180
180
151.746
144.448
34.2219
34.9373
1550117920811
1433.62
117.217
144.944
180
180
151.743
144.217
34.5293
35.1728
1550117920846
1322.7
120.828
143.447
180
180
151.967
144.866
34.645
35.4156
1550117920911
1435.36
121.27
145.994
180
180
152.031
145.648
34.3616
35.5088
1550117920945
1432.04
120.33
143.771
179.972
180
152.39
145.399
34.8445
35.4439
1550117920979
1434.04
117.547
145.5
179.972
179.972
152.939
146.966
34.3828
35.7616
1550117921012
1314.45
116.748
137.428
179.972
180
153.517
146.193
35.1892
35.8301
1550117921045
1424.15
114.241
136.525
179.972
180
153.782
146.245
35.2967
35.9753
1550117921126
1426.49
114.904
137.77
180
180
153.674
146.476
35.1104
35.9306
1550117921207
1308.65
118.463
133.728
179.972
179.972
152.777
145.746
35.1637
35.5702
1550117921269
1416.99
118.959
133.009
180
180
151.363
143.894
35.1321
35.4417
1550117921318
1311.96
118.334
135.98
180
180
151.323
142.93
35.0057
35.7021
1550117921392
1393.66
124.404
137.679
180
180
151.97
144.056
34.6196
35.6174
1550117921450
1396.38
133.012
172.269
179.972
180
150.046
147.374
32.7217
34.0235
1550117921520
1281.99
117.286
117.423
180
180
147.935
144.41
33.1906
33.8783
1550117921569
1422.57
122.795
154.568
180
180
145.385
138.899
33.5555
34.4428
1550117921611
1345.49
120.819
168.802
180
180
139.503
137.49
31.1227
32.7202
1550117921662
1360.54
99.9758
122.506
180
180
136.796
132.418
31.4922
32.4393
1550117921722
1387.87
102.386
137.385
180
180
136.807
133.794
31.0613
31.8598
1550117921767
1411
109.734
148.128
179.98
179.98
132.83
129.425
30.9641
31.9406
1550117921857
1388.78
104.068
120.673
179.98
179.98
127.32
118.843
31.7823
32.332
1550117921977
1393.98
104.182
120.787
180
180
127.552
121.067
31.7554
31.3912
1550117922009
1424.13
123.354
129.466
179.98
179.98
128.749
119.839
31.7585
31.7286
1550117922054
1428.35
121.111
127.33
179.98
179.98
129.535
120.329
31.7954
31.7485
1550117922088
1444.44
78.7102
139.661
179.98
179.98
130.368
119.63
30.349
34.8577
1550117922121
1445.33
90.1399
138.324
180
180
131.018
130.107
30.3376
29.8481
1550117922155
1425.04
101.949
118.376
179.98
180
132.141
131.062
29.283
29.8843
1550117922221
1421.21
94.6135
110.922
179.98
179.98
132.585
130.274
29.4995
29.9846
1550117922296
1410.96
90.9809
106.721
179.98
179.98
132.034
129.868
29.4007
29.9628
1550117922364
1389.28
99.8794
111.997
180
180
130.644
129.968
29.4682
30.025
1550117922451
1370.39
132.083
156.782
180
179.972
129.421
130.296
29.821
31.4319
1550117922491
1328.41
136.832
139.94
180
180
131.299
134.139
30.1216
31.4505
1550117922523
1342.78
130.031
172.273
180
180
133.555
135.161
31.7206
31.0253
1550117922557
1308.81
129.316
142.636
179.972
179.972
136.04
139.233
30.9568
31.4165
1550117922591
1324.62
126.9
151.016
179.96
180
139.394
136.805
31.6649
32.3476
1550117922658
1314.26
100.795
135.534
179.966
179.972
140.309
132.511
32.3166
33.8145
1550117922729
1302.06
98.1475
126.347
179.972
179.972
140.292
129.266
32.5126
33.0958
1550117922801
1303.38
93.2287
121.175
179.972
179.972
140.006
128.17
32.1481
33.2149
1550117922838
1332.95
97.1823
142.102
180
180
139.125
132.304
30.9813
32.0068
1550117922884
1341.42
104.956
159.603
180
180
137.486
132.936
30.9942
32.1641
1550117922924
1304.7
89.9392
80.7366
180
180
131.197
128.052
31.9715
32.6118
1550117922997
1405.04
97.6973
79.3549
179.98
179.98
131.175
115.792
34.691
32.4142
1550117923043
1423.61
95.0925
77.2143
180
179.98
131.496
116.159
34.6845
32.3032
1550117923076
1472.85
108.69
97.3567
180
180
131.716
119.336
33.1689
31.3828
1550117923109
1404.15
68.9365
68.8361
180
180
131.468
115.581
33.8619
32.352
1550117923222
1502.15
84.7417
69.2044
179.98
179.98
132.287
114.873
33.7418
31.32
1550117923358
1514.25
84.3392
68.5973
180
180
133.155
115.731
33.7109
31.266
1550117923418
1536.81
93.5495
82.9884
180
180
135.113
119.306
32.5861
30.7261
1550117923513
1539.12
90.1461
79.6502
180
180
136.151
119.868
32.6118
30.7567
1550117923576
1523.32
78.8534
62.6467
179.98
179.98
137.46
118.991
33.7021
31.1789
1550117923676
1528.56
78.1761
64.5113
180
180
137.668
118.968
33.5337
31.335
1550117923710
1531.57
77.6991
67.9049
180
180
137.871
120.764
33.1606
31.0102
1550117923744
1481.99
63.9414
59.546
179.98
179.98
138.078
123.335
32.8801
31.3497
1550117923777
1534.86
77.3711
61.4187
180
180
138.096
119.655
33.7673
31.2293
1550117923811
1529.73
80.5805
64.17
180
180
136.448
118.01
33.7692
31.2559
1550117923876
1526.57
82.0694
66.8646
179.98
179.98
135.132
116.512
33.6699
31.4351
1550117923911
1531.72
83.6516
69.3769
180
180
134.241
116.66
33.419
31.1232
1550117923944
1527.2
79.5373
67.6759
179.98
179.98
133.172
114.096
33.4409
31.5497
1550117924010
1530.34
78.4611
68.3386
180
180
133.213
113.852
33.3482
31.66
1550117924044
1504.51
68.6337
63.4076
179.98
179.98
133.76
124.266
31.0976
30.4883
1550117924117
1524.23
75.2527
62.8957
179.98
179.98
136.566
118.358
33.6062
31.6301
1550117924194
1541.43
68.779
52.0594
180
180
143.016
128.21
33.9366
31.4781
1550117924286
1507.97
55.6856
47.4622
180
180
144.544
135.301
32.531
31.4267
1550117924354
1525.39
64.3339
45.4308
180
179.98
146.85
134.502
33.313
31.016
1550117924423
1514.77
68.4125
43.5278
180
180
146.25
132.491
33.053
30.8764
1550117924527
1507.4
61.9252
42.3855
180
180
147.955
134.455
33.1133
30.9906
1550117924559
1524.8
64.7141
45.2625
179.98
179.98
146.4
131.727
33.2316
31.0069
1550117924610
1548.69
70.067
48.9681
179.98
179.98
144.945
128.114
33.5448
31.1552
1550117924644
1554.5
76.2297
57.7463
179.98
179.98
139.951
121.721
33.7423
31.1561
1550117924788
1558.76
76.6996
57.6848
180
180
139.658
121.305
33.7072
31.1479
1550117924855
1536.07
72.0857
57.1113
180
180
139.905
120.207
33.6381
31.7489
1550117924944
1540.19
74.2473
56.3474
180
180
140.371
121.749
33.5858
31.1512
1550117925025
1559.75
74.3527
53.0994
179.98
179.98
142.88
124.919
33.6137
30.7816
1550117925078
1560.48
73.8837
52.0489
179.98
179.98
143.815
126.413
33.6165
30.7755
1550117925111
1556.83
73.5428
51.6542
180
180
144.231
126.997
33.6182
30.7791
1550117925145
1556.73
73.2767
51.2767
180
180
144.581
127.584
33.611
30.7828
1550117925181
1538.47
66.9905
50.0627
180
180
145.047
129.4
33.4661
30.6598
1550117925214
1532.22
72.0778
54.791
180
180
143.588
126.888
33.6897
31.4515
1550117925329
1423.76
50.6561
51.1176
180
180
140.086
145.507
28.0377
30.6757
1550117925426
1448.16
59.4862
63.2306
180
180
137.564
124.979
32.9537
30.8001
1550117925479
1471.29
63.9277
51.9709
180
180
142.042
130.476
32.7273
31.2361
1550117925559
1445.69
56.3843
47.2246
180
180
143.374
125.515
33.5414
33.8057
1550117925592
1476.23
62.6115
53.6176
179.98
179.98
142.187
124.561
33.6778
32.095
1550117925652
1460.75
67.8527
57.6281
179.98
179.98
139.516
122.908
33.0505
31.6731
1550117925715
1439.22
63.5058
36.3995
180
180
140.5
133.883
31.0409
30.5255
1550117925749
1510
64.1772
76.0461
180
180
141.48
123.723
30.3774
32.4148
1550117925783
1513.71
60.9677
72.8008
180
180
142.769
126.392
30.3348
32.3713
1550117925816
1457.46
56.3398
46.2456
180
180
144.117
133.057
32.5026
31.2651
1550117925849
1470.66
54.0366
45.975
179.98
179.98
145.88
135.495
32.5916
31.7524
1550117925884
1490.55
63.2976
42.4274
179.98
179.98
147.064
149.613
30.301
29.7361
1550117925916
1465.89
53.7497
44.6457
179.98
179.98
147.722
140.183
32.5895
31.6789
1550117925950
1524.65
66.9812
62.7048
180
180
145.653
149.773
26.9276
29.8369
1550117926018
1494.31
62.5387
45.8252
179.98
179.98
143.103
139.666
30.3867
29.9713
1550117926065
1508.28
67.9939
55.2275
180
180
141.113
126.86
32.7409
30.2089
1550117926094
1561.99
65.6793
88.0689
179.98
179.98
139.956
133.73
28.2079
30.628
1550117926123
1489.32
71.4961
58.5951
180
180
139.8
119.575
33.6155
31.7865
1550117926153
1544.09
87.1673
74.7349
179.98
179.98
139.538
122.625
32.761
30.6401
1550117926187
1483.05
71.5261
62.3089
179.98
179.98
138.097
118.022
34.1085
32.0625
1550117926253
1478.42
73.3336
63.8231
179.98
179.98
137.46
117.373
34.2191
32.148
1550117926301
1496.82
78.8554
64.9009
180
179.98
136.458
115.289
34.3192
31.7592
1550117926360
1482.35
80.1835
62.284
179.98
179.98
139.386
121.633
34.3463
31.6877
1550117926420
1392.39
61.6703
57.9664
179.98
179.98
141.423
122.025
33.8491
34.9484
1550117926481
1415.23
83.0464
98.4005
180
180
134.093
116.825
32.2478
33.5806
1550117926611
1366.65
74.0926
81.3273
179.98
179.98
133.452
129.402
31.1717
30.54
1550117926644
1436.07
116.847
123.084
180
180
132.263
124.23
30.5179
31.1114
1550117926690
1444.73
95.8631
139.737
179.98
180
133.435
128.72
29.9486
31.3351
1550117926797
1378.07
72.3272
85.1427
180
180
133.587
139.699
28.5047
29.9611
1550117926857
1369.11
73.9375
65.7331
180
180
134.147
113.643
34.888
34.0384
1550117926926
1376.45
71.266
69.6135
180
180
134.344
121.78
33.6536
31.6928
1550117926962
1412.91
78.8206
69.6684
180
180
134.556
115.225
34.373
32.8084
1550117926996
1419.19
75.9992
61.7597
180
180
134.615
128.88
31.5355
30.2116
1550117927032
1402.63
63.989
67.7672
180
180
135.193
118.755
33.3564
32.555
1550117927089
1424.99
62.4111
63.0489
180
180
137.431
138.042
31.0881
30.7003
1550117927194
1410.63
72.8906
67.1363
179.98
179.98
132.913
127.985
31.1531
31.6834
1550117927289
1380.82
65.7308
72.8215
180
180
131.616
131.651
28.5796
32.3747
1550117927370
1444.38
80.1249
155.4
179.98
179.98
131.361
130.778
28.2897
30.9905
1550117927424
1433.03
95.8333
157.446
179.98
179.98
131.217
131.934
28.1881
30.4072
1550117927477
1402.05
112.048
168.556
180
180
130.322
127.714
30.0407
31.447
1550117927526
1379.51
120.327
168.772
180
180
129.848
127.748
30.6184
31.6353
1550117927570
1363.47
124.469
169.168
179.972
179.972
129.716
128.693
30.9246
31.7786
1550117927616
1355.86
126.818
178.62
179.972
179.972
129.598
129.396
30.8583
31.952
1550117927665
1348.83
128.657
173.18
179.972
180
129.537
128.12
31.41
32.2516
1550117927694
1325.12
133.691
144.221
179.972
179.972
130.047
132.421
31.2099
30.8708
1550117927726
1334.4
133.6
145.029
179.972
180
130.765
134.389
30.8247
30.6783
1550117927755
1348.05
139.034
152.831
179.972
180
131.241
131.356
31.5208
31.5658
1550117927784
1344.3
133.474
149.894
180
180
131.229
132.666
31.5226
31.1013
1550117927815
1338.47
135.821
148.502
180
180
131.08
130.788
31.9402
31.5967
1550117927848
1331.96
134.932
146.677
179.972
180
131.233
131.168
31.9146
31.3595
1550117927880
1325.77
135.987
148.38
179.972
180
131.812
131.585
31.5065
31.2732
1550117927913
1353.32
128.292
176.006
180
180
136.907
134.244
30.449
31.6091
1550117928023
1374.03
122.092
162.779
180
180
139.831
135.351
31.1429
31.918
1550117928132
1281.37
107.695
144.148
180
180
144.389
137.734
32.9664
34.1957
1550117928179
1248.54
89.7834
129.093
180
180
146.99
142.924
33.4783
35.1702
1550117928213
1225.75
86.2087
116.45
180
179.972
147.592
145.993
33.8394
35.3567
1550117928246
1333.62
92.1745
121.047
180
180
145.761
143.937
33.9256
35.2568
1550117928280
1229.64
102.788
122.209
180
180
143.286
141.136
33.9831
35.001
1550117928313
1294.29
121.954
139.487
180
179.966
138.28
134.81
34.1714
34.5617
1550117928379
1286.95
127.491
145.668
179.972
180
135.617
131.631
34.663
34.5209
1550117928413
1283.99
131.497
150.66
179.972
179.972
132.96
131.51
33.8421
34.4742
1550117928446
1280.64
135.334
149.905
180
180
129.844
130.797
33.4292
34.3969
1550117928512
1292.88
135.448
151.355
179.972
179.972
129.617
131.872
33.0042
34.1679
1550117928547
1312.12
132.414
150.06
179.972
179.972
131.401
134.361
32.5729
33.7102
1550117928647
1323.66
127.188
148.352
179.972
180
136.955
139.912
32.0769
33.376
1550117928748
1307.93
124.169
149.829
180
180
139.063
140.679
32.1742
33.5663
1550117928817
1292.9
121.752
150.021
180
180
139.931
141.44
32.1593
33.4446
1550117928920
1291.05
121.367
149.884
180
180
139.958
141.658
32.1468
33.3683
1550117928972
1278.82
121.019
150.2
180
180
139.954
141.367
32.1721
33.4614
1550117929027
1273.7
120.788
150.077
180
180
139.928
141.298
32.1852
33.4707
1550117929087
1269.8
120.141
148.361
180
180
139.899
141.288
32.2176
33.4819
1550117929168
1266.53
120.129
147.655
180
180
139.879
141.261
32.2259
33.4839
1550117929198
1266.74
120.037
147.733
180
180
139.869
141.278
32.2099
33.4836
1550117929225
1300.5
121.708
151.744
179.972
180
139.561
140.812
32.2402
33.4642
1550117929279
1307.41
123.486
152.39
180
180
138.54
140.499
32.1063
33.478
1550117929346
1314.26
127.584
155.242
180
180
136.076
138.224
32.3171
33.4714
1550117929465
1302.23
128.69
155.387
180
180
135.056
137.36
32.3006
33.4541
1550117929542
1297.21
129.478
155.952
180
180
134.464
136.795
32.3237
33.4464
1550117929577
1297.48
129.56
156.74
180
180
134.645
136.765
32.3399
33.4455
1550117929608
1301.99
129.151
157.284
180
180
135.042
136.703
32.4139
33.473
1550117929658
1309.55
127.209
156.853
179.966
179.966
136.217
137.413
32.399
33.4229
1550117929687
1311.7
125.127
156.033
180
180
136.85
137.781
32.4044
33.4412
1550117929715
1319.92
122.499
154.67
180
180
137.419
138.219
32.3817
33.4757
1550117929748
1327.77
122.304
154.481
180
180
137.893
138.564
32.3526
33.4311
1550117929781
1332.76
119.329
153.628
179.972
180
138.204
138.881
32.3036
33.4793
1550117929815
1312.54
116.475
146.962
179.972
180
138.466
140.585
31.7945
33.3873
1550117929925
1292.49
115.371
143.643
180
180
138.529
140.76
31.8501
33.3089
1550117929994
1278.27
115.222
137.359
180
179.972
138.61
140.837
31.9561
33.2792
1550117930059
1268.25
111.558
131.572
180
179.972
138.683
140.514
32.049
33.2825
1550117930296
1274.46
107.438
130.818
180
180
138.403
140.286
31.818
33.2743
1550117930359
1274.71
105.297
127.012
180
180
138.243
140.033
31.8148
33.2589
1550117930402
1276.69
103.208
124.583
179.972
179.972
138.122
139.796
31.8055
33.2509
1550117930444
1277.06
96.2168
116.845
180
180
138.317
139.968
31.7835
33.2894
1550117930493
1277.15
90.4244
113.173
180
179.972
139.353
140.721
31.752
33.259
1550117930560
1277.1
87.6932
110.672
179.972
179.972
139.896
141.185
31.746
33.24
1550117930604
1280.78
88.1866
111.644
180
180
140.732
142.016
31.7817
33.2805
1550117930691
1278.22
88.5285
111.873
180
179.972
140.89
142.226
31.8354
33.3412
1550117930722
1294.05
95.6146
122.145
179.972
179.972
139.985
140.705
31.6135
32.9595
1550117930755
1300.26
98.0546
126.054
180
180
139.785
140.362
31.481
32.7921
1550117930790
1300.52
96.6677
125.499
180
180
139.553
139.69
31.4839
32.8963
1550117930823
1335.81
104.267
156.38
179.972
179.972
139.008
138.189
30.8546
32.5695
1550117930897
1340.93
116.696
135.664
180
180
138.101
138.108
30.0414
31.7031
1550117930974
1363.67
114.38
161.525
180
180
137.479
137.544
29.7225
31.5633
1550117931015
1364.73
108.898
166.205
180
180
136.578
132.945
30.6995
32.0159
1550117931058
1336.58
103.62
130.121
179.972
179.972
134.711
133.995
29.8848
31.8598
1550117931101
1328.64
101.366
129.272
179.972
180
134.529
131.888
31.4835
32.4164
1550117931208
1327.5
95.486
134.451
179.972
179.972
135.708
136.28
30.2961
32.1809
1550117931237
1323.11
91.5796
122.205
180
180
138.891
138.838
29.794
31.7663
1550117931266
1330.45
77.7698
117.737
180
180
143.964
144.112
28.8414
31.2775
1550117931367
1354.4
66.2191
78.6696
180
180
147.059
144.168
28.8367
31.6742
1550117931520
1377.53
66.0133
123.367
179.98
179.98
147.615
140.994
29.3842
31.4378
1550117931631
1361.16
68.2536
115.259
180
180
147.424
144.402
28.3096
31.3179
1550117931667
1349.64
67.0791
89.5547
180
180
144.947
139.849
29.3277
31.4871
1550117931748
1408.2
91.871
161.474
180
179.98
137.448
136.158
28.6522
30.9335
1550117931841
1383.18
78.3823
119.812
180
180
140.189
139.624
28.135
31.1749
1550117931977
1326.37
70.66
72.253
179.98
179.98
144.563
146.088
27.8212
31.2045
1550117932061
1291.58
58.3503
56.645
179.98
180
146.166
147.812
28.2079
31.8606
1550117932135
1322.25
64.4988
69.8788
180
180
146.539
146.402
28.5466
31.475
1550117932203
1282.03
58.607
53.175
180
180
147.335
147.507
28.5084
31.9099
1550117932315
1333.15
66.0089
84.6652
180
180
147.365
144.954
28.3059
31.6537
1550117932397
1325.46
68.4841
84.8595
179.98
180
147.963
143.051
30.0939
32.1864
1550117932500
1337.85
65.2628
99.3385
180
180
147.538
146.922
29.8879
32.5262
1550117932581
1313.91
61.0912
83.2797
180
180
146.536
146.943
30.1804
32.7622
1550117932618
1345.84
73.216
118.475
179.972
179.972
146.236
146.206
29.6482
32.2763
1550117932654
1356.94
81.8558
153.049
179.972
179.972
146.172
143.846
30.1254
32.4219
1550117932815
1302.98
85.8239
96.9947
180
180
145.322
143.263
31.141
32.6214
1550117932882
1310.79
92.0055
111.272
180
180
143.626
140.453
31.3922
32.693
1550117932916
1308.96
113.121
120.716
180
179.972
136.205
129.056
32.632
33.6463
1550117933029
1285.05
101.892
108.649
180
180
134.298
131.551
36.8374
38.0131
1550117933244
1304.6
94.1881
98.3397
180
180
134.475
132.179
37.5144
38.3822
1550117933271
1323.37
91.6465
88.6738
179.98
179.98
134.301
131.77
37.6979
38.2785
1550117933302
1733.42
134.467
134.456
180
180
121.197
135.725
34.3437
35.5825
1550117933533
1744.14
138.365
137.759
180
180
121.491
137.078
32.5178
33.8369
1550117933599
1755.52
139.733
138.771
180
180
121.558
137.056
32.2057
33.4908
1550117933628
1768.09
139.375
137.424
180
180
121.567
137.037
32.4021
33.6488
1550117933660
1790.14
138.704
137.809
180
180
121.524
136.769
32.5318
33.9138
1550117933694
1409.53
110.252
103.771
179.98
179.98
134.531
129.762
37.7513
38.5737
1550117933783
1434.98
99.5091
99.2811
179.98
179.98
134.4
129.471
36.8462
38.0341
1550117933816
1481.93
103.832
101.904
180
180
134.145
130.261
35.4097
37.0397
1550117933849
1564.72
117.804
114.704
180
180
133.156
128.351
34.3041
35.4756
1550117933918
1617.27
122.553
117.556
180
180
131.667
126.635
33.9186
35.1966
1550117933988
1605.09
126.797
120.436
180
180
130.619
126.404
33.7195
35.0977
1550117934033
1587
129.9
122.852
180
180
129.494
126.21
33.5994
35.0609
1550117934078
1562.54
136.3
127.708
180
180
127.012
125.871
33.4175
34.9638
1550117934127
1553.44
139.547
130.944
180
180
125.779
125.668
33.5089
34.9246
1550117934173
1546.11
142.956
134.29
180
180
124.526
126.17
33.4797
34.8668
1550117934225
1288.7
123.488
120.151
180
179.972
133.847
134.236
39.6622
40.2409
1550117934296
1274.44
120.53
114.654
180
179.972
134.711
134.174
40.2994
40.8142
1550117934323
1256.37
96.2029
94.3699
180
179.972
135.797
135.313
39.9313
39.9604
1550117934859
1230.99
77.1565
78.0445
179.972
179.972
137.135
137.493
41.1108
41.7783
1550117934926
1246.55
85.5434
81.6599
179.972
179.972
137.541
140.019
41.0154
41.0854
1550117934969
1276.86
99.7789
91.6507
180
180
137.989
142.295
40.4731
39.9999
1550117935011
1292.15
113.996
111.55
180
180
136.063
140.234
39.747
39.4994
1550117935058
1284.73
113.721
112.659
180
180
135.201
139.583
39.9111
39.6835
1550117935091
1243.04
97.6509
97.6763
179.972
180
134.294
139.331
41.1288
40.8567
1550117935160
1261.95
107.963
106.378
180
179.96
133.413
140.937
41.5436
41.4221
1550117935358
1268.73
112.24
110.19
179.972
179.96
133.333
141.196
41.4089
41.2667
1550117935393
1293.87
124.684
119.259
180
179.96
133.329
141.643
41.2112
40.9098
1550117935536
1290.39
124.371
117.964
179.972
179.96
133.306
141.506
41.3645
40.9517
1550117935605
1259.29
114.418
114.497
179.972
179.972
133.309
142.181
41.6345
41.3265
1550117935667
1255.89
112.24
110.793
179.96
179.972
133.559
141.983
41.7111
41.2728
1550117935732
1253.74
110.559
109.391
180
179.972
133.749
142.048
41.7236
41.2498
1550117935792
1250.78
110.429
109.238
179.972
180
134.219
142.766
41.7392
41.1812
1550117935829
1249.31
110.376
109.186
180
180
134.414
143.112
41.7435
41.1371
1550117935862
1248.35
110.779
109.383
179.972
179.972
134.486
143.237
41.7469
41.1369
1550117935896
1249.4
112.435
110.968
179.972
179.972
134.482
143.347
41.7521
41.1797
1550117936007
1251.98
113.611
113.045
179.972
179.972
134.407
143.312
41.7151
41.2239
1550117936079
1253.74
114.333
113.986
179.972
180
134.371
143.317
41.6951
41.2241
1550117936145
1255.14
115.566
114.007
180
180
134.329
143.39
41.7469
41.221
1550117936213
1258.05
117.707
114.651
180
180
134.283
143.423
41.7786
41.1953
1550117936287
1255.73
117.751
115.108
179.972
179.96
134.24
143.504
41.8128
41.2658
1550117936351
1255.59
117.948
115.215
179.972
179.972
134.23
143.513
41.8231
41.2732
1550117936385
1255.2
117.993
115.278
179.96
179.96
134.22
143.526
41.8317
41.2852
1550117936410
1254.91
118.056
115.341
179.972
179.96
134.214
143.534
41.8384
41.294
1550117936439
1254.66
118.109
115.393
179.972
179.972
134.208
143.54
41.844
41.3011
1550117936471
1254.38
118.222
115.485
179.972
180
134.199
143.542
41.853
41.3107
1550117936502
1254.13
118.302
115.534
179.972
179.972
134.192
143.531
41.8608
41.3216
1550117936534
1253.75
118.406
115.63
180
180
134.183
143.505
41.8652
41.3398
1550117936601
1253.72
118.45
115.638
180
180
134.182
143.481
41.8661
41.3493
1550117936620
1253.72
118.511
115.646
179.972
179.972
134.18
143.445
41.8669
41.363
1550117936638
1242.64
113.599
111.41
180
179.972
134.05
142.502
42.0107
41.5609
1550117936798
1225.21
105.946
109.194
180
180
133.928
143.432
42.1279
41.8024
1550117936886
1224.3
109.462
111.305
180
180
132.744
143.596
42.1289
41.7066
1550117936951
1228
112.357
112.737
179.972
179.972
132.513
143.874
42.18
41.7014
1550117936985
1255.78
121.377
119.159
180
180
131.63
144.264
43.087
43.4355
1550117937236
1254.07
123.703
119.876
180
179.96
131.452
143.713
43.2743
43.4709
1550117937308
1256.79
123.5
119.918
180
179.972
133.252
145.73
43.2557
43.3504
1550117937368
1252.86
123.165
120.822
179.972
180
132.876
144.852
43.1677
42.942
1550117937487
1249.58
122.361
120.028
179.972
180
132.611
144.388
43.1971
42.9824
1550117937563
1244.11
121.758
119.318
180
180
132.029
144.116
43.2413
43.0583
1550117937622
1268.27
119.087
121.938
179.96
179.96
134.481
144.628
44.3804
45.2307
1550117937800
1266.32
117.563
117.583
180
179.972
137.026
147.62
44.9497
45.725
1550117937891
1257.04
116.448
112.875
179.96
180
137.305
148.401
45.205
45.6054
1550117937906
1270.48
117.458
117.191
180
179.96
137.491
148.596
44.8196
45.3925
1550117937923
1275.84
120.711
118.459
179.972
179.96
137.492
148.52
44.6484
45.0862
1550117937953
1285.03
125.259
120.996
180
180
136.403
147.107
44.3047
44.7031
1550117938018
1284.38
124.665
119.237
179.972
179.96
135.514
146.72
43.9441
43.8
1550117938169
1280.5
121.196
121.458
179.96
180
135.43
146.707
43.5935
43.8605
1550117938234
1273.4
120.642
118.487
179.972
179.972
135.07
145.626
43.408
43.6173
1550117938269
1274.48
118.936
116.097
180
180
134.706
143.029
42.8599
43.2759
1550117938381
1276.93
114.457
113.747
180
179.972
135.081
141.97
42.6291
43.1292
1550117938419
1278.2
112.779
112.798
179.972
179.972
135.164
141.659
42.5362
43.0755
1550117938434
1281.2
110.618
110.608
179.96
179.972
135.446
141.379
42.4653
43.0045
1550117938485
1282.19
109.536
109.041
179.96
179.96
135.531
141.431
42.4632
42.9902
1550117938519
1284.43
107.141
106.429
179.972
179.972
135.939
142.039
42.3956
42.9729
1550117938667
1283.71
106.887
106.12
179.972
179.972
136.166
142.402
42.4187
43.0114
1550117938728
1282.79
107.007
106.219
180
180
136.272
142.567
42.445
43.0419
1550117938759
1279.6
107.316
106.542
179.96
179.972
136.475
143.074
42.5102
43.1027
1550117938825
1258.58
111.495
110.378
179.972
180
136.312
144.03
42.9615
43.5779
1550117939033
1219.69
115.121
117.171
180
179.972
134.298
143.336
43.8973
44.6227
1550117939192
1205.63
115.11
116.733
179.98
180
134.22
143.725
44.1971
44.9018
1550117939226
1179.44
118.994
117.483
179.966
179.966
134.152
144.618
44.8388
45.3397
1550117939326
1174.49
120.047
118.439
179.98
180
133.876
144.462
44.9072
45.394
1550117939362
1153.17
121.018
119.825
179.98
179.98
133.334
144.33
45.1005
45.4934
1550117939458
1140.4
116.457
115.057
180
179.972
135.807
145.533
45.6998
45.349
1550117939601
1137
105.853
103.374
179.98
179.98
141.493
148.869
45.8957
45.2453
1550117939735
1177.17
118.49
112.725
180
179.972
143.93
147.921
44.2419
43.7541
1550117939803
1186.73
120.956
94.6863
179.972
72.421
145.695
161.222
48.1936
43.3165
1550117939854
1186.68
119.335
89.2078
179.98
68.7881
146.438
160.858
48.4044
43.0812
1550117939874
1192.36
111.457
92.2494
179.98
60.522
147.856
154.76
50.1787
42.8405
1550117939923
1211.78
112.363
77.7035
180
76.6964
149.037
162.909
43.6398
41.5633
1550117939962
1206.6
114.018
120.416
179.98
38.7828
149.638
99.8593
62.545
41.3872
1550117939996
1202.43
106.361
91.0912
179.98
180
151.442
147.575
41.5593
41.2283
1550117940099
1190.63
97.3617
84.347
179.98
179.98
151.678
146.82
41.8555
41.5355
1550117940156
1172.26
88.6918
78.6348
180
180
152.354
146.971
42.167
41.8528
1550117940214
1069.92
62.4887
52.38
179.96
179.96
156.457
151.046
44.2074
43.9284
1550117940349
1033.6
64.5434
56.0674
179.98
179.98
154.275
150.074
45.0879
44.6604
1550117940609
1032.96
64.5749
56.271
179.96
179.96
154.313
149.978
45.1234
44.7206
1550117940654
1032.64
64.6022
56.52
179.956
179.98
154.356
149.878
45.1602
44.767
1550117940687
1032.39
64.428
57.3477
180
179.966
154.463
149.672
45.2706
44.8102
1550117940738
1033.84
64.4758
57.9652
179.96
179.96
154.516
149.437
45.3573
44.8054
1550117940804
1039.22
68.1436
61.3346
179.956
179.956
154.637
150.374
45.2071
44.6514
1550117941021
1038.2
68.1242
61.6735
179.96
179.98
154.668
150.662
45.1564
44.6521
1550117941069
1037.6
68.082
61.9765
179.966
180
154.684
150.718
45.1491
44.6552
1550117941102
1037.36
68.3993
62.5246
180
179.96
154.722
150.824
45.1378
44.6382
1550117941136
1040.72
70.3421
63.0677
179.966
180
154.777
150.924
45.1289
44.5385
1550117941170
1046.19
72.6553
62.4158
179.98
179.96
154.829
150.873
45.1309
44.4234
1550117941220
1051.56
74.8158
62.6333
180
180
155
150.676
45.188
44.3265
1550117941300
1063.08
67.2925
57.3451
179.98
179.98
159.018
157.204
45.2981
44.3885
1550117941383
1045.46
59.1775
46.452
179.96
179.98
157.48
153.015
46.1261
45.2927
1550117941426
1029.94
65.919
51.1088
179.966
179.98
152.651
144.123
46.5643
45.7984
1550117941474
1020.24
78.1989
69.0187
179.96
180
147.256
137.923
46.9001
46.1219
1550117941493
1018.42
80.2391
71.0492
180
179.966
147.133
138.206
46.9524
46.151
1550117941521
1014.57
80.2001
71.0998
180
179.966
147.286
138.735
46.9082
46.1304
1550117941560
999.511
80.0451
70.8758
179.966
180
147.401
139.007
46.8545
46.0959
1550117941587
987.236
79.7242
70.511
179.96
179.96
147.838
139.689
46.7721
46.0081
1550117941620
571.526
60.2997
83.4536
65.7091
71.5785
152.481
86.2543
51.8568
53.3033
1550117941694
584.709
62.7651
80.2146
71.6879
73.8048
152.211
90.81
51.228
51.3853
1550117941736
609.478
62.3027
77.0682
78.7882
75.7657
151.104
96.1045
51.0988
49.7335
1550117941773
977.504
70.3683
67.7152
179.966
79.8492
147.908
159.809
50.7776
46.6703
1550117941814
969.806
75.2407
58.8791
179.98
80.9426
145.529
160.61
50.8208
47.0273
1550117941851
987.435
63.7902
120.759
179.96
77.3383
155.437
137.123
52.1947
47.4628
1550117941990
1030.42
86.9031
128.849
179.98
89.1326
150.851
151.223
47.852
46.3413
1550117942046
1038.56
98.8899
132.521
180
85.6293
148.961
151.576
48.5988
46.0781
1550117942061
1029.89
102.095
136.6
179.96
80.9027
146.607
151.282
50.4915
46.4935
1550117942121
713.261
103.665
141.024
92.1923
76.6346
145.797
115.155
52.6579
48.1067
1550117942154
731.46
105.011
144.45
94.4589
74.155
145.428
114.597
54.1837
47.8837
1550117942187
759.04
105.957
143.212
93.0252
95.6949
145.524
125.269
47.6985
48.0283
1550117942221
763.87
106.272
144.421
91.1423
93.9687
145.514
124.74
47.9557
48.2283
1550117942267
753.156
105.669
142.493
88.2111
90.3698
145.555
123.746
48.314
48.5607
1550117942310
740.77
105.067
141.101
86.1102
87.5195
145.337
123.316
48.6598
48.8296
1550117942352
735.568
107.059
143.964
89.7722
86.934
144.45
124.089
49.4389
48.5281
1550117942395
743.107
108.321
147.713
94.821
93.8125
143.004
130.535
48.5446
48.2305
1550117942444
1044.5
116.315
149.64
179.98
96.6755
141.274
163.665
48.2045
47.9673
1550117942531
1047.04
112.313
153.882
180
97.0069
141.281
163.553
48.5276
48.1412
1550117942588
1065.49
111.484
145.388
179.96
99.0665
141.864
166.142
47.4576
47.4185
1550117942672
1085.56
115.318
134.903
179.96
98.3657
141.321
170.532
46.8573
46.7785
1550117942699
1150.29
129.797
124.291
179.98
179.98
135.358
145.006
45.3115
45.6088
1550117942789
1275.05
72.3035
68.0372
179.98
179.98
135.705
130.105
41.8166
41.6231
1550117942973
1340.64
57.0509
61.3237
180
180
164.941
152.65
51.3964
51.5151
1550117943121
1385.15
67.8238
41.9867
180
179.98
169.091
157.361
50.6348
51.6887
1550117943195
1316.65
68.9813
69.3109
179.972
79.4331
170.336
121.322
56.2296
52.5281
1550117943247
1201.96
79.2939
93.438
179.96
180
161.553
145.328
54.8123
56.2175
1550117943294
1112.74
91.4762
90.4287
180
180
164.211
155.472
56.7054
57.0858
1550117943330
1058.79
83.1334
71.5842
180
180
170.176
166.291
57.5677
56.958
1550117943394
1198.55
96.0198
116.269
179.966
179.98
169.585
166.892
53.746
54.2004
1550117943461
1219.2
97.854
93.981
179.966
179.98
168.188
162.462
51.3629
51.2989
1550117943496
1217.45
109.925
109.677
180
179.972
151.832
168.254
47.3299
47.3809
1550117943539
1184.77
101.178
100.991
179.98
179.966
145.08
167.368
44.8689
44.6291
1550117943578
1237.41
107.299
107.957
179.966
180
147.134
162.574
45.3076
45.8108
1550117943600
1329.28
122.679
123.032
180
180
157.47
149.706
51.1889
51.3112
1550117943626
1220.15
105.53
107.445
180
179.952
137.175
156.974
45.5408
45.4724
1550117943691
1135.75
130.492
126.587
180
179.972
128.129
138.58
43.976
43.8465
1550117943842
888.432
94.0525
86.6805
179.96
179.972
147.352
142.442
49.1838
49.0112
1550117943975
933.371
96.1757
95.9308
180
179.952
160.231
163.84
50.2287
49.9258
1550117944035
1004.31
123.903
133.634
179.972
179.972
174.171
167.855
49.8998
49.9271
1550117944105
947.954
117.202
121.878
179.972
179.972
169.738
164.223
50.2067
50.1471
1550117944162
921.865
119.254
125.569
180
180
164.648
159.275
50.1455
50.2097
1550117944198
907.56
121.964
128.658
180
179.96
159.626
154.389
50.0899
50.1112
1550117944228
1217.49
97.2572
109.43
179.972
179.972
165.725
163.035
40.7635
40.9985
1550117944374
1558.2
105.319
97.9551
179.98
179.98
174.116
174.287
35.381
34.5486
1550117944472
952.195
111.987
116.075
179.956
180
134.083
142.508
49.3222
49.0336
1550117944784
993.79
107.759
113.774
179.966
179.966
138.32
146.513
48.9075
48.763
1550117944855
1293.05
123.448
115.799
179.972
179.972
145.012
152.707
41.1175
40.8436
1550117944918
1617.21
137.087
149.982
180
179.98
150.731
149.8
33.5282
33.8482
1550117944982
1550.29
93.412
118.083
179.98
179.98
151.736
149.066
34.4475
34.5823
1550117945036
1466.6
57.3609
79.2598
180
180
153.544
152.597
35.9323
36.3341
1550117945077
1272.63
42.5665
48.3306
179.972
179.972
162.39
175.004
41.9888
41.5257
1550117945169
1272.38
49.9441
47.32
179.966
179.972
159.227
167.649
41.9365
41.7612
1550117945202
1277.62
56.5768
55.1634
180
179.972
156.038
160.946
41.5253
41.8173
1550117945236
1327.07
70.1505
82.0034
179.972
180
154.466
157.233
40.8311
41.5966
1550117945313
1345.97
85.6684
98.0101
180
180
154.649
155.566
40.4361
41.7476
1550117945384
1337.83
84.4911
95.1394
180
180
154.276
155.617
40.5617
41.6199
1550117945431
1301.55
81.8316
85.7217
180
179.972
153.005
154.651
40.9391
41.438
1550117945492
1282.77
83.9878
82.8654
180
180
152.355
153.753
41.0793
41.3293
1550117945543
1189.34
82.7975
82.9688
180
180
150.661
153.047
42.0301
42.0365
1550117945641
1155.19
77.4979
78.4421
180
179.972
150.474
153.292
42.4504
42.3642
1550117945674
1126.53
75.1913
75.2782
180
180
149.698
152.292
42.7732
42.6625
1550117945693
1108.67
74.6883
74.59
179.98
179.972
149.021
151.667
42.9915
42.8459
1550117945713
1113.46
87.9819
86.7918
179.972
179.972
145.373
149.812
43.7345
43.3043
1550117945774
1144.29
93.9236
90.5181
179.966
180
142.672
148.38
43.9468
43.3398
1550117945856
1142.62
95.7353
93.1021
180
179.98
142.806
148.791
43.8204
43.2503
1550117945889
1155.67
104.907
103.056
180
180
143.668
151.51
42.2945
42.1836
1550117946032
1159.35
107.123
108.388
180
180
141.516
147.839
41.6352
41.7446
1550117946100
1177.57
105.574
118.461
179.98
179.98
136.918
143.033
40.2593
40.7425
1550117946185
1165.99
106.241
118.958
180
179.972
135.396
142.493
39.8144
40.1812
1550117946214
1137.36
100.279
111.776
179.96
180
134.254
140.515
39.9664
40.6022
1550117946229
1008.88
82.4351
77.3181
180
179.972
127.626
129.574
41.8965
42.0315
1550117946332
1033.1
87.428
86.2295
179.98
179.98
124.546
125.507
41.3355
41.8756
1550117946400
961.837
149.405
135.564
179.966
180
143.303
139.519
43.5924
44.256
1550117946463
926.345
155.495
140.52
179.98
179.98
148.07
156.667
54.1043
52.9978
1550117946697
1168.62
132.614
104.405
180
180
131.806
136.878
42.8209
42.2525
1550117946748
869.113
153.211
134.785
179.98
179.98
151.566
159.484
46.6269
47.6556
1550117946970
1270.84
91.4052
121.918
180
180
166.259
165.08
37.3707
38.1951
1550117947066
1186.99
69.8844
80.048
180
180
166.979
164.937
40.6091
41.0779
1550117947122
1160.81
82.9599
72.0618
180
180
171.799
173.684
42.2052
42.1912
1550117947206
1245.12
75.5371
73.0846
180
180
157.425
152.723
39.6754
39.7503
1550117947257
1229.9
72.2983
65.4606
179.972
179.972
155.302
149.57
40.151
40.1946
1550117947290
1201.25
56.8473
51.633
179.972
179.972
153.295
148.95
43.7464
43.4012
1550117947434
1226.25
62.1917
54.0968
180
179.972
154.835
153.896
43.667
43.2159
1550117947476
1300.46
66.1164
68.3029
179.96
179.96
154.171
153.884
42.2834
42.3995
1550117947534
1382.75
68.9029
70.3141
179.972
179.972
151.219
147.057
40.4315
40.5238
1550117947578
1455.28
69.3568
76.5553
180
180
149.776
145.223
38.6998
38.961
1550117947623
1535.92
91.068
104.734
180
180
148.947
149.457
36.2149
36.0813
1550117947667
995.111
93.1053
86.7166
180
180
140.117
146.116
47.0242
45.9704
1550117947791
981.365
73.6897
67.7202
179.96
180
151.869
156.997
47.4181
46.3825
1550117947824
1180.97
102.819
116.164
180
179.98
153.046
154.661
41.9457
41.9927
1550117947975
1295.49
129.943
141.771
179.972
179.972
147.554
148.605
37.3758
39.045
1550117948037
1299.76
107.451
126.316
180
180
144.353
143.606
36.8178
38.2742
1550117948132
1283.42
91.8006
106.311
180
180
144.41
143.565
37.1099
38.4246
1550117948200
1275.8
88.2595
100.693
180
180
143.915
143.129
37.2793
38.5479
1550117948268
1289.5
93.9445
107.189
179.972
179.972
143.956
143.95
37.0519
38.2556
1550117948291
1292.9
96.462
109.771
180
180
143.861
144.097
37.0258
38.2163
1550117948306
1294.32
103.491
115.644
179.972
179.972
143.628
144.699
37.2032
38.2949
1550117948402
1289.06
104.706
116.293
180
180
143.314
144.417
37.4306
38.4608
1550117948443
1252.47
100.745
116.397
180
180
141.28
141.532
38.5221
39.4304
1550117948544
1202.37
92.865
103.186
180
180
141.099
141.266
39.875
40.2602
1550117948605
1178.68
87.7837
97.529
180
180
141.989
143.038
40.4339
40.6866
1550117948639
1157.02
85.3229
94.2409
179.98
179.98
143.175
145.819
40.7149
40.971
1550117948678
1088.94
78.7626
82.6942
179.956
180
146.397
150.593
41.4056
41.5367
1550117948779
1038.92
73.3556
74.0145
179.98
179.98
148.306
151.898
42.1574
42.0235
1550117948909
1034.26
74.8381
74.9953
180
180
148.175
151.839
42.2802
42.1222
1550117948955
1028.43
76.917
76.3876
179.98
179.98
147.899
151.606
42.4794
42.2937
1550117949013
1025.39
77.2032
76.4603
180
180
147.794
151.486
42.5682
42.3863
1550117949050
1022.13
80.8859
80.0055
180
180
147.379
151.303
42.6562
42.4723
1550117949073
1014.95
89.5627
89.2442
179.98
179.98
146.375
151.07
42.8384
42.6688
1550117949133
1012
92.9712
92.6494
180
180
146.074
151.083
42.9303
42.7561
1550117949167
1004.84
93.2059
92.2361
180
180
145.749
151.012
43.1678
42.9674
1550117949200
989.219
90.4834
88.2515
179.96
179.98
145.312
150.842
43.6511
43.3855
1550117949304
964.177
88.0709
85.9596
179.98
179.98
146.73
154.651
44.4944
44.2726
1550117949557
962.46
87.7665
85.3513
179.966
179.966
146.906
155.096
44.5551
44.3367
1550117949614
959.712
88.1826
86.0088
180
180
146.546
154.72
44.5799
44.3895
1550117949650
954.4
88.1835
86.511
180
179.96
146.102
154.088
44.6138
44.5061
1550117949815
952.204
90.6509
86.9067
180
179.972
146.057
154.059
44.6889
44.5266
1550117949860
952.5
92.668
87.3443
180
179.972
146.062
154.054
44.7593
44.5413
1550117949907
950.835
92.8117
87.763
179.972
180
146.024
154.02
44.8391
44.6225
1550117949985
