1404.71
155.444
99.8655
180
180
112.948
124.252
49.9461
50.0945
1550117431490
1517.18
106.03
129.899
180
180
119.687
114.862
49.3104
50.1013
1550117431531
1507.07
155.906
147.7
180
180
121.976
122.015
47.7316
47.9217
1550117431557
1558.51
150.503
147.273
180
180
122.525
120.305
48.7866
48.134
1550117431591
1239.8
127.287
74.4313
114.373
179.98
157.849
89.8583
53.2225
43.3549
1550117432189
1478.09
71.7467
91.3657
46.7823
179.98
166.45
120.61
50.2324
69.3955
1550117432256
1476.25
63.8892
99.5248
47.1067
179.98
162.111
130.218
50.129
69.6581
1550117432305
1447.91
66.0608
106.471
48.2077
180
154.719
131.639
50.7401
69.8969
1550117432337
1272.05
145.768
148.97
64.7903
180
167.862
113.474
55.0304
73.5632
1550117432417
1269.89
142.453
150.804
130.209
180
173.548
123.136
55.0005
48.8079
1550117432490
1258.67
153.277
113.432
129.645
180
167.369
141.744
55.4662
49.1219
1550117432561
1265.32
132.754
91.2252
127.241
179.96
164.015
143.309
56.0333
49.5968
1550117432598
1246.19
146.286
94.7092
128.581
179.972
166.405
138.481
56.7526
50.2411
1550117432645
1193.59
154.302
94.9822
132.442
179.972
168.752
134.387
57.7862
50.2996
1550117432678
1122.29
156.844
113.767
137.892
179.972
167.22
120.487
58.2646
50.6047
1550117432730
1052.75
80.1675
89.9986
179.96
179.96
149.224
151.308
58.7745
58.7855
1550117432794
1031.6
86.8926
86.6687
180
180
145.155
146.815
59.1546
58.7154
1550117432832
1021.93
94.675
84.8101
180
180
140.503
141.8
59.6813
58.8282
1550117432854
1475.57
76.1776
75.9511
180
180
164.948
143.481
48.2106
47.3022
1550117434010
1418.18
75.6032
80.1618
179.972
180
153.056
128.175
50.0314
50.2594
1550117434245
1383.22
73.8084
78.0892
179.972
179.972
150.17
121.577
50.2988
50.8268
1550117434322
1388.28
96.0564
111.815
180
180
138.772
115.488
49.6345
50.8003
1550117434370
1335.54
98.6588
105.742
180
180
142.06
122.206
49.5686
49.9697
1550117434511
1460.48
164.106
171.25
180
179.98
159.788
161.647
47.3715
47.1292
1550117434602
1403.21
140.823
157.576
180
180
159.222
158.828
48.4629
48.8085
1550117434647
1378.6
131.107
132.307
179.98
180
159.241
149.453
48.8635
49.6062
1550117434698
1406.09
108.885
141.474
179.98
179.98
157.429
153.243
47.9086
49.2773
1550117434742
1386.78
106.246
116.553
180
180
158.522
149.334
48.4825
49.0333
1550117434788
1397.77
108.085
127.553
180
180
158.418
153.312
47.8696
48.249
1550117434836
1418.27
133.984
117.408
180
180
161.68
152.643
47.9523
47.8553
1550117434881
1438.46
129.835
144.761
179.98
179.98
164.052
158.126
47.3351
48.0474
1550117434933
1446.54
128.256
151.334
180
180
170.264
166.061
47.0944
47.8777
1550117434980
1438.05
138.561
155.128
180
180
172.155
170.325
47.1497
47.6126
1550117435032
1489.74
106.466
126.483
179.98
179.98
170.374
168.067
47.3619
47.7122
1550117435119
1499.33
126.893
160.88
180
180
168.782
171.17
46.4607
47.8329
1550117435163
1434.37
138.524
117.967
180
180
168.88
160.494
48.0334
48.0437
1550117435197
1475.99
97.3939
91.4624
179.98
180
145.228
134.89
47.3564
47.0924
1550117435310
1471.28
101.165
121.52
180
180
126.32
113.867
47.8418
48.9768
1550117435381
988.379
151.546
168.532
180
180
154.541
151.496
54.0616
54.5178
1550117436119
1066.49
163.203
146.707
179.972
179.972
158.021
160.903
53.8812
53.1735
1550117436247
1102.69
157.42
148.795
180
180
157.626
161.563
53.6078
53.1026
1550117436315
1144.86
166.116
145.383
180
179.98
157.537
159.407
52.8708
52.0325
1550117436369
1187.35
117.815
135.39
180
180
159.684
151.353
50.9212
51.2519
1550117436419
1187.04
112.977
106.674
180
180
159.356
147.815
50.7301
50.6334
1550117436472
1214.43
98.0096
98.1491
179.972
179.972
155.748
141.125
49.8003
49.7237
1550117436520
1235.22
88.7603
100.798
180
180
154.6
137.748
49.1523
49.501
1550117436570
1230.34
77.5121
88.0344
180
180
152.778
132.789
49.3153
49.7092
1550117436620
1249.15
78.3646
90.3324
179.972
179.972
152.929
133.31
49.1113
49.5658
1550117436670
1251.08
76.6323
85.9794
179.972
179.972
154.235
133.424
49.5872
49.8989
1550117436719
1272.32
69.7147
81.1757
179.972
179.972
155.527
135.314
49.3951
49.8643
1550117436783
1316.83
81.545
91.9892
180
180
151.963
134.555
48.4616
48.7791
1550117436850
1268.09
71.327
73.2198
180
180
152.881
130.17
49.8986
49.9052
1550117436918
1287.77
69.3888
81.1733
180
179.966
153.969
134.895
48.7955
49.3516
1550117436967
1274.88
62.825
74.1526
180
179.972
156.422
138.327
48.9228
49.4684
1550117437025
1263.65
68.1789
70.5486
180
180
157.101
139.16
49.4103
49.3463
1550117437052
1284.99
62.5001
75.6791
180
180
156.988
140.172
48.7908
49.2837
1550117437081
1272.05
63.2255
71.6607
179.972
180
157.349
137.726
49.4641
49.7542
1550117437114
1301.09
70.1485
81.7124
180
180
155.596
137.27
48.7843
49.1429
1550117437248
1303.91
69.3998
82.323
179.972
179.972
154.731
135.684
48.6136
49.1768
1550117437284
1295.15
64.1548
76.5511
180
180
156.169
137.56
48.7852
49.3537
1550117437312
1298.08
58.5933
71.5535
180
179.972
160.232
145.245
48.8482
49.4022
1550117437337
1294.22
60.0258
71.7621
180
180
157.879
140.104
49.0322
49.5068
1550117437396
1294.22
68.6604
76.8474
179.972
180
154.936
134.717
49.1474
49.3855
1550117437430
1308.44
71.4444
81.7435
180
179.972
154.58
135.42
48.7565
49.134
1550117437463
1262.87
66.5883
63.4701
179.972
180
155.835
131.932
50.2461
50.149
1550117437496
1252.72
61.6367
59.8032
180
180
157.256
133.922
50.3508
50.363
1550117437530
1290.84
59.065
67.9307
179.972
180
159.149
141.707
49.0877
49.4753
1550117437599
1289.63
71.6407
68.4162
180
180
157.142
138.053
49.4402
49.2439
1550117437670
1261.5
54.0091
62.6287
180
180
159.031
139.734
49.7393
50.0295
1550117437767
1286.2
62.3985
72.0274
179.972
180
156.27
137.247
48.721
49.426
1550117437793
1302.39
78.1157
83.1512
180
180
153.688
133.767
48.7533
49.0467
1550117437817
1298.08
62.3926
76.582
180
180
157.225
140.806
48.6836
49.2975
1550117437899
1289.01
61.6206
73.1441
179.972
180
155.668
136.5
48.853
49.4831
1550117437983
1313.14
76.123
88.0679
179.972
180
151.985
130.872
48.5798
49.1414
1550117438116
1300.63
69.1207
80.9429
180
180
154.454
135.347
48.9219
49.3536
1550117438241
1314.52
67.3142
82.7748
179.972
180
155.383
138.253
48.3752
49.0155
1550117438290
1313.44
67.1464
81.5017
179.972
180
155.603
137.909
48.4611
49.0793
1550117438316
1317.39
71.6335
85.7847
180
180
153.501
134.083
48.2318
49.0153
1550117438363
1284.43
75.7376
76.0129
179.972
179.972
152.794
130.08
49.5283
49.498
1550117438434
1309.99
64.7901
77.95
180
180
156.527
138.922
48.456
49.1329
1550117438499
1315.24
63.0243
80.6047
180
179.972
158.794
144.653
48.4728
49.0724
1550117438568
1304.2
59.3675
72.8943
180
180
158.838
143.901
48.5535
49.2031
1550117438613
1309
69.3915
80.8131
179.972
180
155.61
137.043
48.7202
49.1608
1550117438668
1319.22
76.9599
89.333
180
180
152.624
133.067
48.393
48.9086
1550117438713
1307.63
70.543
84.1208
180
180
152.363
131.369
48.512
49.2694
1550117438784
1303.46
68.7049
81.2137
180
180
153.244
132.804
48.7163
49.3093
1550117438809
1297.65
71.1345
80.5807
180
180
152.395
129.144
48.8996
49.3864
1550117438939
1301.93
65.6313
78.2416
179.972
180
155.16
135.742
48.9888
49.3709
1550117439113
1304.6
68.6267
78.9733
180
180
153.539
132.713
48.6567
49.2648
1550117439202
1316.83
71.7203
81.45
179.972
180
154.463
136.41
48.353
48.8524
1550117439251
1297.84
68.9091
76.5517
179.966
180
153.899
131.025
49.2148
49.5732
1550117439317
1306.55
66.8419
75.6958
180
179.972
155.636
137.295
48.6353
49.0381
1550117439345
1306.6
62.5904
76.5983
179.972
180
156.416
138.583
48.7895
49.3713
1550117439371
1301.97
66.9373
74.542
180
179.972
156.464
137.123
49.1063
49.3474
1550117439430
1307.68
63.6958
75.2225
180
180
156.298
137.183
48.8726
49.3484
1550117439463
1304.5
64.5464
75.3686
180
180
154.832
134.648
48.707
49.2424
1550117439497
1281.54
68.3589
70.9136
180
180
153.963
130.04
49.7312
49.837
1550117439530
1294.79
69.6868
73.7754
180
180
154.685
132.912
49.2476
49.4524
1550117439633
1290.88
72.2995
78.5065
179.972
179.972
151.348
125.121
49.6025
49.9445
1550117439705
1299.7
68.7028
79.9526
180
180
152.234
127.353
49.1728
49.7762
1550117439779
1285.13
103.173
122.472
180
180
158.009
150.536
51.0539
51.7074
1550117439869
1257.02
131.532
120.243
180
180
156.533
146.57
50.8664
51.5949
1550117439893
1247.57
132.151
117.836
180
180
159.36
145.957
51.0727
51.3076
1550117439916
1260.42
117.817
139.669
179.972
179.972
155.429
156.174
51.206
51.6877
1550117439941
1297.09
158.394
122.541
180
180
157.5
147.856
50.6744
49.9763
1550117439969
1334.93
140.13
125.987
179.972
180
142.541
132.108
50.0943
48.7668
1550117440079
1319.79
127.417
146.804
179.972
180
135.332
138.551
50.4545
51.1157
1550117440151
1253.61
132.514
157.553
179.966
179.966
152.57
156.468
50.4704
50.9916
1550117440286
1298.69
88.4187
125.147
180
180
155.661
155.044
49.522
50.6142
1550117440383
1294.26
86.8714
124.49
180
180
157.747
153.829
49.3758
50.5908
1550117440408
1300.39
92.1424
129.639
179.972
179.972
155.935
153.134
49.32
50.5476
1550117440438
1307.18
94.1974
127.185
180
179.972
152.498
152.562
49.6602
50.6744
1550117440472
1319.75
105.534
142.293
179.972
180
144.431
144.868
49.597
50.8816
1550117440506
1320.53
111.146
151.268
179.972
179.972
139.02
140.998
49.8993
51.382
1550117440540
1293.77
123.886
132.374
179.972
179.972
137.163
136.579
50.0469
51.2082
1550117440573
1278.75
94.2358
104.439
180
179.972
145.169
143.668
50.0006
51.3003
1550117440685
1328.4
134.956
119.626
180
179.972
139.2
138.494
49.7498
49.6646
1550117440815
1308.14
130.46
120.411
180
179.972
139.846
139.745
49.8948
49.8917
1550117440914
1328.18
146.874
122.283
180
179.972
139.962
138.003
49.9482
49.0625
1550117440937
1250.93
119.578
110.822
180
180
140.18
140.559
50.8137
50.5585
1550117441009
1263.53
133.488
126.352
180
180
138.223
139.036
51.2277
51.2718
1550117441086
1246.47
134.126
123.985
179.972
179.972
138.177
139.098
51.4617
51.8999
1550117441148
1222.09
139.262
132.745
180
180
138.066
138.979
51.5446
51.9196
1550117441192
1231.4
140.641
133.553
180
180
137.751
138.534
51.6065
51.875
1550117441231
1239.1
120.661
131.842
179.972
179.972
137.744
139.988
51.7862
52.8422
1550117441315
1253.58
138.267
130.179
180
180
138.331
128.581
51.776
51.1297
1550117441353
1233.05
134.194
127.591
180
180
140.736
130.4
51.6568
51.0444
1550117441423
1207.89
118.71
124.986
180
180
141.758
142.151
51.7654
53.1958
1550117441446
1201.58
120.995
122.867
180
180
142.419
142.547
51.912
53.1405
1550117441473
1209.9
125.988
121.891
180
179.98
142.768
130.925
52.0221
51.605
1550117441500
1220.23
129.325
121.534
180
180
142.328
142.091
52.2094
52.8581
1550117441527
1220.73
129.194
120.795
179.98
179.98
143.564
142.962
52.5728
52.3834
1550117441580
1211.34
128.809
120.848
180
180
143.79
143.216
52.757
52.6731
1550117441615
1242.75
152.977
128.668
179.98
179.98
142.884
137.739
52.5885
51.4058
1550117441690
1232.57
145.518
144.515
180
180
141.72
141.882
52.225
52.7246
1550117441760
1248.64
153.296
147.747
179.98
180
140.097
139.717
52.4449
52.4506
1550117441809
1254.98
162.364
147.162
180
179.98
139.512
137.894
52.6287
52.2363
1550117441851
1254.85
174.257
145.218
180
180
138.869
135.391
52.7896
52.1832
1550117441877
1217.17
149.039
152.425
179.98
180
138.627
138.921
52.9826
53.6571
1550117441927
1217.05
148.737
150.404
180
180
138.549
139.54
52.7843
52.8479
1550117441954
1207.57
151.845
153.027
179.972
179.972
137.975
138.822
52.9065
53.111
1550117441985
1186.57
140.646
164.357
179.98
179.98
135.954
139.766
52.9257
54.0132
1550117442071
1191.97
151.957
163.008
179.98
180
130.872
133.149
53.5166
53.9028
1550117442149
1165.97
138.835
162.369
179.98
179.98
130.508
134.992
53.5266
54.4816
1550117442191
1162.06
132.567
162.786
180
180
130.548
135.533
53.3682
54.8967
1550117442235
1184.93
134.34
167.76
180
180
129.71
135.871
52.99
54.1157
1550117442277
1185.2
132.865
170.195
180
180
128.623
135.898
52.8453
53.9991
1550117442319
1181.38
131.817
169.941
180
179.98
127.517
135.915
52.6889
53.7871
1550117442360
1184.12
127.132
168.797
179.98
179.98
126.648
136.118
52.5353
54.2478
1550117442430
1354.83
126.494
176.994
179.972
179.972
127.109
137.292
49.8452
51.0329
1550117442489
1440.67
137.826
172.464
179.972
179.972
127.597
136.308
48.6379
49.8032
1550117442533
1461.69
146.728
175.673
180
180
127.894
134.528
48.3789
48.4033
1550117442567
1453.16
130.679
172.534
180
179.972
127.617
136.096
48.1255
49.3018
1550117442633
1463.83
168.369
163.738
180
180
127.027
126.577
47.9907
47.4706
1550117442708
1474.84
162.86
160.526
180
180
127.667
128.277
47.6626
46.9028
1550117442774
1382.2
126.983
142.613
180
180
128.89
125.736
48.1003
50.2108
1550117442818
1438.28
144.278
144.833
180
180
129.343
127.893
48.3591
48.7189
1550117442853
1571.9
141.688
161.452
180
179.98
118.12
128.352
46.267
46.6866
1550117442966
1664.83
78.191
57.8851
180
180
149.98
135.81
45.8453
45.6893
1550117443043
1562.69
162.63
138.554
179.98
179.98
125.347
125.09
45.8073
44.8048
1550117443113
1490.57
163.909
142.216
180
180
125.844
125.444
46.4943
45.7037
1550117443180
1432.51
173.927
146.235
180
180
125.653
128.499
46.6871
46.0765
1550117443243
1186.38
122.042
115.222
180
180
173.393
173.439
53.1284
53.0913
1550117443428
1167.78
153.061
161.371
180
180
138.467
143.214
50.7104
50.9773
1550117443514
1154.84
117.647
97.4879
180
179.98
158.773
159.136
51.6966
51.9507
1550117443600
1182.99
148.542
101.624
180
180
166.674
168.05
52.2948
51.5876
1550117443636
1153.45
137.585
118.214
179.98
179.98
167.909
163.45
52.6344
51.9016
1550117443669
1160.57
130.32
108.045
180
180
165.249
167.372
52.2018
51.1507
1550117443702
1149.13
129.26
117.111
180
179.98
141.742
156.781
50.6162
49.5207
1550117443734
1168.01
137.185
123.868
180
180
134.153
148.532
51.283
50.2208
1550117444013
1331.85
124.257
91.9687
180
180
159.28
147.138
51.3702
49.9925
1550117444244
1304.53
177.522
118.334
180
180
161.976
156.318
50.2508
48.7465
1550117444307
1323.01
123.006
98.2663
180
179.972
156.422
144.615
49.9726
48.9474
1550117444347
1347.81
165.823
102.931
179.98
179.98
161.852
165.213
47.6369
48.0899
1550117444385
1336.55
84.6913
88.7458
180
180
151.63
137.423
49.9228
49.6763
1550117444607
1374.67
102.291
74.3176
180
180
151.636
133.917
50.7816
48.9097
1550117444649
1376.01
137.413
153.106
180
180
135.744
142.354
50.5096
49.8742
1550117444841
1407.88
168.235
169.406
180
180
135.33
136.239
49.5375
48.9593
1550117444880
1408.96
153.264
173.665
179.972
179.972
136.21
141.557
48.8606
49.2558
1550117444918
1270.19
151.283
106.525
179.98
179.98
157.68
151.741
52.8075
51.8034
1550117445055
1396.72
146.02
151.725
180
180
150.326
157.939
48.5347
46.8324
1550117445103
1396.74
126.325
134.638
180
180
146.051
154.539
49.4049
48.6996
1550117445129
1445.78
119.774
133.931
180
180
146.314
152.792
48.4294
48.0024
1550117445155
1486.07
104.865
120.515
180
179.98
150.708
155.805
47.6487
47.3491
1550117445181
1486.13
90.8927
101.701
180
180
158.226
161.774
47.5163
47.1274
1550117445212
1525.76
84.2299
105.614
180
179.98
156.113
160.106
47.5483
47.5959
1550117445278
1497.9
84.7025
92.7435
180
180
162.25
163.008
48.2363
47.7083
1550117445357
1483.04
90.8959
96.4355
180
180
167.203
162.184
48.1385
47.4672
1550117445431
1472.12
99.2275
103.395
180
180
165.1
159.795
47.7863
46.9155
1550117445496
1472.33
104.155
107.836
180
180
165.246
161.255
47.5802
46.808
1550117445561
1201.87
121.734
146.678
180
180
164.497
167.872
52.5299
53.0207
1550117445833
1188.78
125.775
140.675
180
179.98
165.5
154.275
52.1868
52.4939
1550117445903
1299.83
125.282
137.272
180
180
153.198
157.334
51.8608
51.3362
1550117445982
1216.62
118.697
158.597
179.98
179.98
164.452
170.576
52.382
53.189
1550117446096
1201.66
125.183
139.114
180
180
169.055
158.703
52.4102
52.6265
1550117446119
1215.38
128.783
137.558
180
180
167.392
156.806
52.0069
52.1257
1550117446149
1242.37
121.999
130.226
180
180
165.641
162.35
51.2691
51.4318
1550117446170
1344.99
168.602
166.575
180
179.972
133.794
135.13
52.3261
50.5067
1550117446249
1345.26
168.402
163.452
180
180
133.783
133.751
52.1727
50.3524
1550117446283
1373.67
139.479
128.74
179.972
180
145.117
146.787
50.9339
49.8416
1550117446384
1403.82
158.393
133.423
180
180
143.358
142.949
50.5008
48.86
1550117446464
1418.79
152.601
130.122
180
180
144.301
144.152
50.3306
48.7074
1550117446539
1403.34
137.351
130.779
180
180
144.751
146.381
50.2141
49.2696
1550117446608
1428.38
157.487
129.576
180
180
143.381
142.36
50.224
48.4093
1550117446635
1402.67
136.235
136.26
179.972
179.972
142.926
144.977
50.0743
49.4675
1550117446668
1414.38
144.125
136.69
180
180
142.805
144.079
50.0746
49.2886
1550117446701
1407.62
121.438
143.919
180
180
142.29
147.17
50.0252
50.1207
1550117446734
1399.27
134.589
138.038
179.972
180
141.845
144.381
50.1754
49.6824
1550117446767
1410.19
141.239
138.93
180
180
141.181
142.703
50.096
49.5091
1550117446801
1415.71
145.652
137.351
180
180
141.236
142.712
50.4501
49.5445
1550117446874
1409.97
143.114
135.517
179.972
180
141.078
142.886
50.7189
49.9396
1550117446943
1417.42
151.811
141.834
180
180
140.329
141.905
50.7667
49.0602
1550117447001
1411.49
152.971
141.919
180
180
140.601
139.331
50.6612
48.3234
1550117447035
1415.32
156.357
146.416
179.972
180
140.213
141.084
50.5571
49.5287
1550117447102
1404.13
150.37
149.287
180
180
140.881
142.151
50.3481
49.2132
1550117447135
1392.88
146.156
144.533
180
180
140.999
143.478
50.8988
50.0204
1550117447218
1399.16
153.411
150.834
180
180
138.538
140.85
51.07
49.9554
1550117447310
1386.74
165.644
158.013
180
179.972
136.264
134.729
51.2179
49.3498
1550117447403
1398.25
162.542
158.025
180
179.972
136.762
137.58
51.2039
49.5151
1550117447435
1397.42
160.314
157.471
180
180
136.781
138.09
51.2449
49.6891
1550117447470
1378.22
164.49
157.516
180
180
136.886
134.527
51.2438
49.4291
1550117447502
1382.69
164.955
157.759
180
180
136.989
134.478
51.1107
49.3527
1550117447537
1342.15
147.329
153.493
180
179.972
137.681
131.452
50.9073
49.8597
1550117447570
1350.09
146.831
154.074
180
180
138.56
132.155
50.7467
49.7756
1550117447635
1345.01
144.834
154.04
179.972
179.972
137.887
131.329
50.8864
50.0148
1550117447669
1394.5
169.399
156.25
180
180
137.021
135.962
51.3307
49.3923
1550117447711
1336.48
149.649
155.708
180
180
136.561
130.899
51.0146
49.9876
1550117447768
1362.27
157.998
156.072
180
179.972
137.378
132.715
51.0355
49.615
1550117447868
1368.27
156.309
152.083
180
179.96
138.4
133.156
50.6489
49.33
1550117447903
1394.77
167.052
153.851
180
180
138.434
135.521
50.9209
49.202
1550117447936
1403.32
162.599
158.018
179.972
180
137.898
138.657
51.0349
49.4238
1550117447970
1399.92
166.379
154.267
180
180
138.233
137.34
51.2423
49.2148
1550117448003
1401.35
170.794
153.433
180
180
138.243
136.874
51.2516
49.369
1550117448037
1403.76
167.656
154.506
180
180
138.38
137.345
51.0123
49.3014
1550117448112
1397.86
166.452
149.159
180
180
139.184
137.799
50.8708
49.3242
1550117448170
1363.66
152.194
146.376
180
180
139.672
133.343
50.7622
49.2613
1550117448203
1408.11
163.39
139.408
180
180
140.456
138.511
51.2513
50.1353
1550117448269
1398.07
145.485
143.799
179.972
179.972
139.591
141.802
51.0836
50.2738
1550117448303
1403.56
141.417
140.783
180
180
138.859
141.008
50.8284
50.1405
1550117448368
1395.07
137.762
140.214
180
180
138.681
140.662
50.6304
50.2606
1550117448403
1395.05
138.079
136.019
179.972
179.972
138.988
140.558
50.6944
50.1011
1550117448444
1399.3
136.069
140.59
180
179.972
139.863
141.149
50.0711
50.0342
1550117448486
1436.13
133.901
145.117
179.972
180
142.29
143.971
49.5776
49.7152
1550117448536
1451.62
143.272
143.785
180
180
144.907
145.222
49.3696
49.2078
1550117448578
1447.73
119.709
111.83
180
180
150.71
148.53
50.1786
49.7312
1550117448637
1453.73
110.848
114.726
179.972
180
151.52
149.675
49.2462
49.6408
1550117448662
1382.5
135.845
134.168
180
180
141.888
153.215
51.5371
51.0672
1550117448891
984.445
163.329
170.112
180
180
139.513
140.466
58.4576
58.0825
1550117448988
1329.64
146.402
140.014
180
180
144.792
135.469
53.2088
52.6623
1550117449395
1441.2
126.154
117.416
180
180
133.361
122.153
51.6397
50.2175
1550117449793
1588.98
85.0052
88.0162
180
180
127.62
107.854
49.204
48.3749
1550117449890
1559.62
102.5
97.2378
180
180
123.271
108.807
49.4508
48.3093
1550117449992
1466.37
161.061
163.881
180
180
124.792
130.15
50.949
50.2322
1550117450181
1195.33
158.986
176.395
179.98
180
154.543
157.671
52.6325
51.2978
1550117450718
1194.98
165.63
138.324
179.98
180
156.618
152.194
54.3972
53.2548
1550117450742
1212.27
142.409
121.171
180
180
160.31
155.363
54.6058
53.0809
1550117450769
1270.57
126.459
113.46
180
180
163.852
160.273
52.7436
50.9516
1550117450793
1300.69
120.241
104.175
179.972
180
163.217
162.779
51.5395
50.3725
1550117450821
1519.39
95.4603
73.0926
180
180
171.286
163.716
48.27
47.4731
1550117450990
1359.98
125.597
103.075
179.972
179.972
177.892
173.222
52.35
50.9875
1550117451145
1619.19
66.3894
73.425
180
180
165.428
160.595
49.2393
48.2119
1550117451272
1644.93
88.55
66.1271
180
180
163.936
159.333
49.4055
47.5594
1550117451304
1620.21
80.5665
68.0207
180
180
171.809
170.939
48.5567
47.5792
1550117451484
1603.63
85.1533
43.8199
180
179.98
175.262
172.656
50.1208
47.6686
1550117451560
1628.85
148.894
80.1557
180
180
141.361
132.88
49.8994
46.7968
1550117451754
1658.37
167.266
78.876
180
180
139.317
130.275
49.3342
46.4087
1550117451799
1673.57
160.789
114.945
180
180
136.156
130.588
48.8732
45.6313
1550117451843
1660.68
157.783
174.397
180
180
125.672
128.944
47.3814
46.174
1550117451909
1605.46
137.407
172.357
180
180
127.156
123.79
47.4976
47.8107
1550117451951
1617.29
155.382
135.267
179.98
180
136.913
130.884
48.2588
45.6312
1550117452008
1542.73
155.166
156.455
179.98
179.98
125.75
122.321
48.8655
47.7501
1550117452141
1542.23
148.979
150.799
180
180
128.248
125.262
48.8321
48.0051
1550117452184
1533.33
151.744
145.377
179.98
179.98
129.511
126.243
48.9196
47.9665
1550117452251
1518.41
134.252
135.185
179.98
179.98
126.323
117.643
48.8882
47.9971
1550117452299
1521.91
127.825
131.222
179.98
179.98
125.716
116.546
48.6268
48.1299
1550117452326
1541.62
131.168
134.71
180
180
125.693
116.628
48.3882
47.9151
1550117452355
1587.33
129.252
92.0999
180
180
139.395
125.956
48.9381
47.2735
1550117452404
1557.89
125.976
86.6483
180
180
140.564
126.542
49.4956
47.0997
1550117452438
1568.06
124.908
88.2354
180
180
135.033
121.085
48.7432
45.9805
1550117452473
1497.53
89.3182
76.8211
180
180
135.236
115.348
49.5007
49.3253
1550117452505
1398.05
61.6236
73.8713
179.98
180
138.337
128.586
50.9255
50.1089
1550117452538
1393.85
154.94
153.436
180
180
131.897
127.721
49.6412
48.375
1550117452648
1375.81
163.806
170.411
179.98
180
130.3
129.653
50.0196
49.0999
1550117452724
1276.71
101.044
100.09
180
180
137.709
171.821
53.8187
53.4796
1550117452883
1419.52
137.052
155.085
180
180
120.089
134.653
50.5179
48.6516
1550117452983
1415.97
126.857
135.788
180
179.98
140.902
149.04
48.3361
47.6839
1550117453057
1485.25
150.729
132.573
180
180
130.397
124.045
46.7698
45.1551
1550117453133
1529.41
164.031
158.199
179.98
179.98
125.383
122.275
47.6639
46.453
1550117453177
1558.83
137.347
153.154
180
180
117.863
131.924
49.9602
49.3507
1550117453261
1471.95
145.069
147.383
179.98
179.98
115.723
127.684
50.5
50.5025
1550117453288
1415.88
117.872
138.461
180
180
113.519
139.014
51.4249
52.809
1550117453339
1484.56
140.439
139.667
179.98
179.98
113.52
131.145
51.382
49.8703
1550117453373
1466.36
130.767
139.285
179.98
180
113.618
134.799
51.6229
51.3479
1550117453408
1419.69
141.103
137.917
179.98
179.98
113.144
130.178
51.6901
50.962
1550117453441
1407.5
119.56
136.339
179.972
180
113.132
139.754
51.6651
52.7858
1550117453475
1395.26
138.059
136.067
179.972
179.972
113.937
131.946
51.6026
51.1707
1550117453574
1412.8
138.911
136.461
179.972
180
113.977
131.829
51.5676
51.2318
1550117453646
1412.05
140.786
137.498
180
180
114.472
130.137
51.1198
50.4269
1550117453721
1460.72
147.891
147.687
180
180
117.886
127.042
49.5656
48.4259
1550117453795
1559.73
144.347
153.991
179.98
180
118.643
131.105
49.4208
48.1529
1550117453821
1554.78
134.741
146.205
180
180
117.696
134.414
49.3204
48.808
1550117453876
1509.66
151.129
149.707
180
180
117.242
128.04
49.5766
48.4698
1550117453911
1571.32
144.329
146.783
180
179.98
117.313
130.844
49.4166
47.7057
1550117453985
1477.38
148.213
146.469
180
180
117.619
127.443
49.342
48.3814
1550117454072
1573.28
142.439
151.322
180
180
117.113
131.368
49.6946
48.4502
1550117454167
1553.24
151.544
152.304
180
180
118.441
128.001
49.1746
47.5064
1550117454235
1560.15
137.09
153.767
180
179.98
120.17
133.17
48.6633
47.8186
1550117454380
1506.32
164.108
164.495
180
180
123.864
123.806
48.1423
46.9867
1550117454448
1528.43
170.478
155.158
179.98
179.98
128.719
124.223
47.9717
47.1701
1550117454516
1543.48
149.343
114.835
180
180
147.487
141.534
46.0399
43.7429
1550117454593
1568.8
177.066
141.575
180
179.98
143.071
137.585
46.632
45.3968
1550117454632
1584.57
160.309
142.35
180
180
143.724
139.112
46.1601
43.6614
1550117454719
1439.9
75.7394
74.7637
179.98
179.98
163.219
149.531
48.0662
47.1596
1550117454862
1360.02
92.782
112.024
180
180
167.318
151.832
50.398
49.4655
1550117454957
1357.39
90.0656
105.864
180
179.98
168.477
150.303
50.317
49.2491
1550117455001
1430.41
81.8631
85.5865
179.98
179.98
165.251
150.252
48.353
46.9014
1550117455138
1446.44
81.1923
81.3988
179.98
180
169.141
156.652
48.1325
46.4882
1550117455223
1468.31
83.9017
81.3018
179.98
179.98
166.682
158.932
48.1146
46.3039
1550117455259
1477.7
94.51
84.1426
180
180
159.768
158.647
48.2891
46.0695
1550117455340
1475.65
93.7505
84.8817
179.98
180
160.206
159.662
48.1569
45.9713
1550117455373
1452.04
86.3006
84.5245
180
179.98
160.487
159.896
48.2677
46.2074
1550117455422
1435.19
76.1638
82.4267
180
180
162.529
158.707
48.5447
46.6722
1550117455458
1407.39
67.6515
74.8908
180
180
164.305
152.128
49.2183
47.4876
1550117455490
1379.75
65.6499
74.7916
179.98
179.98
162.07
138.817
49.6749
48.2299
1550117455524
1352.34
78.2929
88.1108
180
180
156.069
125.312
50.1343
48.8863
1550117455557
1296.13
88.7629
90.2632
179.98
179.98
157.248
132.124
51.4659
49.9671
1550117455584
1273.06
91.5584
95.9966
180
180
161.757
139.625
52.2557
51.0919
1550117455613
1315.28
96.9462
69.9768
180
180
170.296
154.738
52.7598
50.5425
1550117455645
1356.88
85.4952
55.3437
180
179.96
175.762
159.883
52.178
49.9871
1550117455680
1372.16
75.2322
59.0309
180
180
166.664
152.796
51.1154
51.1282
1550117455713
1364.47
67.3292
58.1956
179.98
179.98
167.916
156.46
51.0239
51.6017
1550117455744
1384.87
73.5503
60.1177
179.966
180
172.358
163.097
50.9752
50.7595
1550117455815
1363.49
78.8247
76.6799
179.98
179.98
172.067
164.455
51.1057
50.596
1550117455874
1330.67
80.6872
60.5867
179.98
179.98
171.89
154.923
51.4281
50.7029
1550117455939
1360.31
80.2292
84.2703
180
180
167.191
139.28
49.2791
50.1818
1550117455976
1395.29
90.4665
77.8378
180
180
158.146
135.763
49.123
49.8398
1550117456010
1438.62
96.3092
78.8402
179.966
179.966
152.173
137.873
48.2156
47.1705
1550117456042
1539.68
115.347
139.164
180
180
150.874
149.631
44.3297
45.1451
1550117456106
1514.97
106.73
117.669
180
180
152.812
150.78
45.0468
45.4463
1550117456141
1524.39
114.329
128.328
179.98
179.98
155.649
153.14
44.0959
44.2519
1550117456176
1534.84
133.353
146.867
179.98
180
157.491
158.424
43.4732
43.436
1550117456209
1500.56
126.395
65.7017
180
180
155.849
152.615
45.6497
43.6755
1550117456242
1404.48
64.4235
70.9076
180
180
149.02
140.296
46.4776
43.9226
1550117456276
1422.25
97.41
74.4163
180
180
144.555
128.662
45.9989
44.068
1550117456324
1413.72
103.064
76.9125
180
180
145.1
130.034
45.9461
44.0355
1550117456352
1409.91
100.486
71.4708
180
180
148.079
135.899
45.9274
43.6011
1550117456378
1428.52
118.943
69.4511
179.98
180
153.462
144.732
45.9271
43.3611
1550117456408
1427.66
116.319
74.3225
180
180
152.311
142.669
45.8349
43.2537
1550117456441
1436.78
124.78
75.0534
179.98
180
152.04
141.98
45.4884
43.1119
1550117456507
1459.68
166.941
73.9245
180
180
152.616
144.448
45.3477
43.1247
1550117456542
1418.44
104.692
97.2249
180
179.98
159.685
163.087
43.3834
43.662
1550117456606
1407.98
101.572
61.3468
180
180
157.544
158.379
45.036
43.7561
1550117456716
1401.66
98.5436
58.5939
180
180
157.164
157.773
45.275
43.8593
1550117456778
1410.71
95.7987
59.5289
179.966
179.966
155.206
155.241
45.1683
43.8314
1550117456848
1595.1
116.701
85.0873
180
180
150.276
137.61
44.0364
41.9301
1550117457116
1425.65
96.7579
97.5846
180
180
154.876
138.292
46.1671
44.7796
1550117457216
1401.73
105.448
100.963
180
180
159.62
147.269
46.7268
45.0017
1550117457317
1363.22
96.6943
93.8497
180
179.98
160.234
150.15
47.267
45.5289
1550117457624
1513.41
99.0853
102.634
180
180
152.33
134.357
44.6314
43.4347
1550117457729
1587.51
113.472
85.8745
180
180
148.55
136.382
44.0814
42.2922
1550117457918
1511.44
99.9576
100.636
180
180
159.523
143.453
44.7687
43.3234
1550117458086
1517.49
99.7689
102.161
180
180
158.469
139.979
44.8853
43.3155
1550117458187
1545.91
100.374
90.3697
180
180
152.846
136.962
45.0723
42.8517
1550117458287
1505.9
99.1589
85.5168
180
180
162.387
146.78
46.1014
44.6586
1550117458629
1510.46
102.291
88.5289
180
180
154.802
132.874
46.9838
46.1593
1550117458724
1453.35
99.8573
91.2402
180
180
157.894
138.373
48.3505
46.2275
1550117458823
1560.26
89.8726
81.0654
179.972
179.972
155.472
132.733
46.5564
46.3487
1550117458886
1437.52
107.762
105.119
179.98
179.98
165.476
147.153
49.1235
46.1308
1550117458983
1538.53
105.382
93.3327
180
180
157.303
138.116
46.8389
45.4954
1550117459098
1394.43
95.5979
84.5347
180
180
166.819
153.289
49.202
47.7857
1550117459190
1515.61
101.899
84.7659
180
180
160.67
146.763
48.0579
47.0578
1550117459239
1490.04
103.859
85.8266
180
180
156.861
142.019
47.3574
46.6145
1550117459291
1507.14
95.6927
81.141
180
180
158.996
140.846
47.2617
46.5201
1550117459358
1502.4
95.3403
82.5738
180
180
159.37
140.932
47.6005
46.5579
1550117459436
1471.46
73.1074
75.4767
180
180
158.55
143.103
47.794
46.4113
1550117459488
1526.22
79.6381
70.1032
180
180
155.422
139.868
47.3351
46.1665
1550117459521
1614.34
96.2393
81.36
180
180
150.414
140.308
46.1019
44.6854
1550117459593
1669.2
95.6845
77.7587
179.98
179.98
150.864
139.365
45.9474
44.4656
1550117459667
1663.15
71.9285
74.8336
180
180
155.985
145.831
46.5996
44.4491
1550117459728
1708.31
73.2345
83.6222
179.98
179.98
157.484
149.669
45.6822
44.01
1550117459768
1735.17
71.4569
89.8668
179.972
179.972
158.19
151.956
45.0554
43.9686
1550117459807
1725.5
76.2148
84.2858
180
180
158.813
151.936
45.4753
44.0227
1550117459840
1750.98
82.2174
93.9429
180
180
158.851
155.075
44.8682
43.6342
1550117459892
1731.71
82.5255
87.9245
180
180
159.559
153.751
45.8262
44.2967
1550117459949
1692.32
75.0355
78.4931
180
180
161.59
157.187
46.4545
45.0497
1550117460016
1669.53
68.2941
74.9301
180
180
162.875
159.13
47.0113
45.6928
1550117460048
1660.58
75.8491
77.0758
180
180
163.66
158.791
47.7435
46.0329
1550117460092
1642.3
78.7421
82.7204
180
180
164.233
159.732
48.2989
46.2181
1550117460142
1642.5
60.1479
69.6029
180
180
164.831
163.571
46.5467
45.6649
1550117460176
1687.13
70.3711
82.0271
180
180
164.999
163.769
45.5692
44.8779
1550117460206
1736.8
84.65
101.53
180
180
164.739
163.271
44.4744
44.0134
1550117460236
1757.15
79.4812
98.8645
180
180
163.88
160.356
44.3136
43.2742
1550117460277
1746.96
75.968
91.6927
180
180
163.582
158.502
44.7374
43.501
1550117460312
1750.41
74.2986
91.4063
180
180
163.598
158.428
44.7586
43.4986
1550117460343
1747.16
71.0632
88.7645
180
180
163.663
160.202
44.1113
43.5558
1550117460377
1734.86
69.3342
84.2836
180
180
163.714
159.423
44.5872
43.5351
1550117460455
1738.23
74.335
86.8102
180
180
163.858
159.527
44.4429
43.2767
1550117460509
1738.03
71.5316
87.1822
179.98
179.98
164.023
159.83
44.4335
43.4269
1550117460543
1737.53
73.7627
87.6232
179.98
179.98
164.164
160.054
44.427
43.3322
1550117460577
1737.3
75.4344
88.1473
180
180
164.234
160.186
44.4233
43.2777
1550117460613
1734.98
74.5831
86.7043
180
180
163.764
159.628
44.4711
43.257
1550117460709
1733.55
74.1472
85.9751
179.98
180
163.409
159.343
44.4691
43.2435
1550117460744
1724.45
73.8355
82.6372
180
180
162.984
158.74
44.6163
43.2224
1550117460777
1733.66
73.6183
85.9049
179.98
179.98
162.478
158.615
44.3473
43.1916
1550117460811
1730.77
73.9534
84.5927
179.98
179.98
162.953
158.755
44.4713
43.1892
1550117460844
1719.49
74.7655
80.5494
179.98
179.98
163.247
158.557
44.7374
43.1517
1550117460877
1737.59
77.1493
86.7385
180
180
163.045
158.771
44.2816
43.1182
1550117460966
1746.57
77.5265
90.0645
180
180
162.814
158.627
44.1224
43.1614
1550117460995
1733.84
78.7316
85.1537
180
180
162.6
157.531
44.4949
43.2136
1550117461023
1744.09
78.5953
89.0734
180
180
162.386
157.611
44.3295
43.1969
1550117461053
1748.06
78.7927
91.0937
180
180
162.208
157.921
44.0274
43.2091
1550117461110
1748.41
78.4384
90.2304
179.98
179.98
162.17
156.096
44.7217
43.2991
1550117461199
1720.74
65.577
77.1515
180
180
165.912
159.844
46.1568
44.9104
1550117461428
1522.11
76.1072
68.7462
180
179.966
164.508
161.102
51.8832
50.1182
1550117461614
1476.18
103.741
89.0276
179.98
179.98
162.909
159.525
52.4587
51.234
1550117461862
1513.23
131.633
105.916
180
180
161.959
159.581
51.1707
50.1964
1550117461959
1488.86
118.65
91.1783
180
180
162.625
159.364
52.2584
51.2881
1550117462077
1477.09
111.191
89.676
179.98
179.98
163.171
159.607
52.9185
51.6399
1550117462112
1472.37
108.258
85.8078
180
180
163.462
160.098
53.786
52.4051
1550117462177
1472.85
106.424
82.7905
180
180
163.965
160.507
54.1357
52.8096
1550117462213
1472.67
105.42
79.1679
179.972
179.972
163.885
160.64
54.3352
52.899
1550117462246
1463.55
104.055
70.476
180
179.972
163.16
158.011
55.7371
53.3783
1550117462354
1454.62
102.836
75.7883
180
180
161.923
157.828
55.717
54.3655
1550117462418
1444.09
100.159
81.2267
180
180
161.142
158.157
55.7539
54.5937
1550117462453
1430.23
140.591
130.519
180
180
160.901
158.816
53.9289
53.5639
1550117462546
1426.84
146.335
126.208
179.972
179.972
158.958
159.039
52.9514
52.5225
1550117462579
1499.82
152.085
143.464
180
179.972
148.944
143.905
51.8404
50.3827
1550117462614
1521.92
111.928
103.771
180
180
135.57
122.556
47.9148
47.0919
1550117462834
1572.97
93.0898
112.298
180
180
138.602
137.452
48.2662
48.2426
1550117462929
1512.69
146.269
167.907
180
180
152.463
153.696
47.6042
47.0578
1550117463048
1444.25
107.364
105.307
180
180
157.406
151.253
52.3615
53.535
1550117465062
1469.89
154.547
151.908
180
179.972
137.307
144.298
50.0525
50.6917
1550117465161
1442.95
116.451
98.4114
179.972
180
159.976
152.036
52.7228
51.903
1550117465254
1474.63
159.384
94.2394
180
179.966
159.337
155.075
52.3363
51.8317
1550117465315
1467.54
146.968
99.8712
179.972
180
154.775
154.598
51.4525
50.2739
1550117465382
1475.03
158.454
116.299
180
180
151.499
148.945
50.8252
50.4651
1550117465448
1430.69
146.553
106.412
179.972
180
150.221
148.204
51.6066
50.7493
1550117465492
1400.35
133.741
86.2193
179.972
179.972
150.196
146.149
52.7185
51.856
1550117465525
1340.14
114.467
73.2994
180
180
145.802
139.862
54.0547
52.7872
1550117465561
1327.32
115.08
108.248
180
179.972
158.256
155.842
54.4431
53.9708
1550117465615
1364.76
121.765
116.454
180
180
160.169
154.881
53.8951
53.5976
1550117465649
1391.84
115.353
107.394
180
179.972
161.048
154.534
53.7041
53.2955
1550117465764
1395.97
110.915
98.6427
180
180
160.433
151.834
53.983
53.4942
1550117465850
1392.07
118.299
98.4926
179.972
179.972
159.816
151.639
54.3957
53.8184
1550117465923
1403.1
137.182
105.899
180
179.972
159.831
152.571
54.5254
54.1355
1550117465977
1364.66
136.202
97.6364
180
180
157.659
149.267
55.8949
55.6694
1550117466133
1377.87
161.92
122.273
180
180
153.975
146.499
56.126
55.6797
1550117466249
1367.26
154.937
119.415
180
180
155.676
150.177
56.119
56.1128
1550117466273
1334.99
133.655
103.493
180
180
158.12
152.811
56.5384
56.7194
1550117466300
1331.73
149.278
83.6861
180
180
160.766
154.612
56.5237
55.8956
1550117466380
1318.84
134.757
78.9614
180
180
159.83
156.862
56.2483
55.3161
1550117466414
1317.81
129.521
86.3977
180
180
156.663
154.005
56.073
55.3235
1550117466447
1308.83
131.735
99.7504
180
179.972
152.251
158.824
55.3464
54.3847
1550117466514
1303.35
130.326
102.207
180
180
149.499
156.247
55.6075
54.5101
1550117466550
1264.27
88.5454
79.4237
180
179.972
149.616
158.101
56.9846
56.3416
1550117466658
1260.24
84.4618
74.0297
180
179.972
150.025
155.592
57.5107
57.0627
1550117466754
1240.82
92.0297
89.2309
180
180
142.927
145.392
56.7795
57.5353
1550117466783
1190.84
84.9077
67.359
180
180
147.934
146.958
56.3297
56.9007
1550117466927
1200.83
144.596
145.118
180
180
122.987
141.153
54.5503
54.6515
1550117467319
900.891
118.496
110.947
180
179.96
156.445
137.963
63.5758
62.8785
1550117467354
919.888
100.545
92.8294
180
180
162.523
173.655
62.7246
62.1058
1550117467386
1045.86
151.101
158.947
180
180
146.484
146.763
59.2292
60.2906
1550117467463
1142.27
156.765
156.691
180
180
127.718
137.854
54.2416
54.4909
1550117467597
1154.09
140.038
140.481
180
180
119.333
140.701
55.1591
55.3747
1550117467676
1161.34
140.857
141.432
180
180
119.849
140.938
55.0511
56.0211
1550117467718
1169.21
112.136
133.229
179.98
179.98
166.825
157.577
54.6905
55.5619
1550117468242
1110.39
105.811
129.538
179.98
180
175.779
164.936
56.703
57.6836
1550117468351
1160.38
112.725
130.44
180
180
174.296
162.09
55.595
56.3401
1550117468392
1677.03
74.0383
91.9293
180
180
162.984
143.442
48.7087
49.4928
1550117470066
1546.32
77.8225
95.137
180
180
170.982
155.739
48.9307
49.3549
1550117470183
1639.13
102.89
107.921
180
180
151.323
135.62
47.0704
47.3665
1550117470219
1591.29
106.641
113.723
180
180
161.728
156.132
46.8656
47.0265
1550117470253
1583.09
80.1688
83.1766
180
180
172.579
151.637
49.6169
49.5269
1550117470430
1653.2
94.3291
98.2927
180
180
157.533
135.646
46.5549
46.5924
1550117470500
1646.92
94.8251
98.6317
180
180
156.573
134.545
46.6021
46.6884
1550117470548
1612.88
104.267
107.236
180
180
151.202
133.597
47.0929
47.0332
1550117470595
1616.27
96.7486
104.242
180
180
157.842
137.589
47.802
47.7927
1550117470644
1640.16
100.786
106.511
180
180
159.48
141.651
47.4451
47.3132
1550117470691
1599.26
87.6562
96.6839
180
180
158.088
136.621
48.1603
48.5312
1550117470743
1617.26
91.7567
100.491
180
180
161.092
141.309
47.5949
48.19
1550117470791
1661.45
101.346
112.708
180
180
161.862
143.72
47.5175
47.5642
1550117470841
1660.98
102.73
111.671
180
180
155.997
137.431
47.4332
47.5654
1550117470893
1697.67
102.048
151.945
180
180
151.958
141.492
44.1513
47.5952
1550117470942
1305.87
126.329
141.178
180
180
159.041
153.692
52.2013
52.0699
1550117471283
1297.72
120.105
98.5411
179.972
179.972
161.987
155.535
54.0754
53.6805
1550117471318
1093.57
148.503
151.53
180
180
152.055
150.855
56.7277
57.413
1550117471460
1175.49
128.561
122.775
180
180
164.387
159.768
55.5248
55.5862
1550117471785
1370.7
120.958
124.716
179.972
180
174.208
165.115
53.0039
52.7029
1550117472136
1403.87
151.839
130.812
180
180
141.072
134.096
53.632
52.662
1550117472288
1399.25
149.195
125.884
180
180
141.906
134.222
53.6384
52.6603
1550117472323
1413.22
152.672
121.855
179.972
180
146.31
139.494
53.4151
52.4028
1550117472357
1395.06
131.661
127.151
180
179.972
164.053
162.342
52.9792
52.5681
1550117472466
1433.08
149.759
134.68
179.972
180
160.245
158.255
52.2197
51.6612
1550117472530
1431.61
156.576
125.463
180
180
147.42
142.382
53.0072
52.1606
1550117472660
1417.14
144.985
149.142
179.972
180
168.836
169.047
51.4965
51.2045
1550117472777
1420.12
158.316
119.88
180
180
144.053
136.136
53.1295
51.5074
1550117472817
1416.16
159.448
116.901
180
179.966
149.697
145.478
53.2612
52.1606
1550117472893
1368.52
120.047
111.977
180
179.972
156.179
151.687
53.2826
53.425
1550117472928
1371.46
131.941
129.96
180
180
168.752
166.314
52.8193
52.3756
1550117472961
1381.38
134.074
130.566
180
180
168.325
165.281
52.5813
52.2242
1550117472994
1393.74
130.097
119.511
179.972
179.972
162.352
158.844
53.0117
52.6294
1550117473027
1386.86
132.795
126.687
180
180
166.838
163.519
52.8463
52.4658
1550117473062
1413.06
151.658
142.628
180
180
171.347
166.806
51.9158
51.5771
1550117473169
1418.44
148.831
140.177
179.972
179.972
169.555
165.367
51.8881
51.3407
1550117473241
1394.86
140.934
134.444
180
180
174.274
167.055
52.2254
52.1431
1550117473333
1388.75
149.818
136.878
180
180
175.191
168.083
52.1636
52.0612
1550117473362
1378.14
152.011
135.273
180
180
175.164
168.048
52.2076
51.9843
1550117473396
1389.13
128.884
123.262
179.972
179.972
168.579
162.498
52.3179
52.223
1550117473430
1403.09
136.143
121.858
180
180
168.49
163.968
52.3646
51.6949
1550117473464
1387.74
139.641
137.925
179.972
179.972
175.075
168.362
51.8868
51.5893
1550117473564
1380.58
137.231
134.323
180
180
174.343
166.666
52.1087
52.0323
1550117473598
1386.16
115.193
125.134
180
180
173.188
162.993
52.0311
51.7902
1550117473709
1402.76
133.393
136.478
180
180
172.764
167.813
51.8262
51.5512
1550117473807
1399.87
124.166
130.85
180
180
172.518
166.192
51.862
51.583
1550117473835
1397.65
123.702
118.007
179.972
179.972
166.832
161.924
52.2642
51.8143
1550117473869
1401.38
132.066
123.295
179.972
179.972
163.244
158.591
52.3457
52.2074
1550117473894
1389.72
158.487
142.48
179.972
179.972
174.681
170.053
52.0135
51.7288
1550117473925
1398.48
151.734
145.785
180
180
173.12
169.533
51.7053
51.5723
1550117473954
1398.25
142.658
139.71
180
180
168.722
166.452
51.8928
51.5136
1550117473983
1379.24
136.88
129.551
180
180
168.577
163.17
52.3724
52.2208
1550117474010
1386.88
134.916
132.207
180
180
172.064
166.621
52.11
51.8902
1550117474040
1381.41
151.628
140.888
180
180
175.407
169.027
51.946
51.7617
1550117474118
1383.18
124.357
129.571
180
179.972
172.303
163.031
51.8439
51.4737
1550117474183
1387.91
141.269
140.3
180
180
174.717
168.488
51.8297
51.638
1550117474250
1391.17
147.439
143.13
179.972
180
174.144
169.513
51.7821
51.4705
1550117474302
1395.54
142.077
143.641
180
179.972
174.767
169.904
51.7189
51.4282
1550117474328
1392.43
133.429
131.503
180
179.972
170.829
165.076
51.9687
51.7528
1550117474354
1395.34
136.645
136.918
180
180
169.035
166.699
51.8764
51.4905
1550117474417
1396.39
140.13
139.903
180
179.972
170.849
168.015
51.8096
51.4283
1550117474483
1393.29
148.965
143.447
180
179.972
174.578
170.502
51.7847
51.4112
1550117474537
1381.73
163.943
142.879
180
180
176.571
171.516
51.8729
51.6314
1550117474603
1384.42
146.423
139.361
179.972
179.972
172.147
167.05
51.9062
51.5399
1550117474670
1405.66
130.415
120.127
180
179.972
160.916
156.819
52.2103
51.9683
1550117474759
1393.97
144.837
135.552
180
180
171.578
167.461
52.177
51.7296
1550117474849
1396.02
158.358
142.045
180
180
174.002
169.359
51.9802
51.5586
1550117474876
1405.63
148.283
145.956
179.972
179.972
173.883
169.32
51.6157
51.3864
1550117474904
1401.65
159.508
149.093
180
180
174.617
169.468
51.5311
51.186
1550117474930
1391.71
125.944
131.731
179.972
179.972
168.661
159.941
51.7015
51.5163
1550117474959
1395.28
119.555
128.824
180
179.972
171.591
161.677
51.6827
51.3819
1550117474988
1395.16
133.512
136.063
180
180
173.465
166.721
51.6874
51.3869
1550117475020
1387
142.629
140.907
180
180
172.606
168.488
51.7778
51.4293
1550117475053
1378.03
148.372
141.09
179.972
180
172.738
167.716
51.9114
51.7936
1550117475086
1383.02
144.525
141.193
180
180
169.385
167.228
51.937
51.5983
1550117475118
1382.82
136.557
138.763
180
180
173.342
169.31
52.0071
51.7329
1550117475184
1374.24
129.435
129.992
179.966
180
174.431
167.223
52.2706
51.9607
1550117475219
1376.48
134.673
133.953
180
180
175.348
168.417
52.215
51.9922
1550117475251
1381.59
140.923
137.622
180
179.972
174.251
169.185
52.092
51.7626
1550117475287
1383.11
142.588
141.004
180
180
174.71
169.841
52.0447
51.74
1550117475332
1378.45
138.812
136.138
179.972
179.972
172.312
167.646
52.2267
51.9039
1550117475359
1392.27
146.94
144.303
180
179.972
174.196
170.448
51.7866
51.6233
1550117475418
1383.42
151.873
140.863
180
180
175.43
170.163
52.024
51.7387
1550117475453
1375.97
152.228
137.918
179.972
179.972
174.949
169.157
52.1917
51.7092
1550117475486
1382.74
153.256
141.534
180
180
174.651
169.945
51.9601
51.5229
1550117475519
1395.06
161.246
144.175
179.972
179.972
174.449
170.432
51.5885
50.9569
1550117475554
1395.8
159.376
146.41
179.972
180
175.221
171.117
51.6157
51.2049
1550117475651
1399.8
160.61
150.133
180
179.966
175.901
171.941
51.4905
51.2483
1550117475799
1376.62
144.965
137.511
179.972
180
174.888
169.251
52.0435
51.2541
1550117475961
1385.34
143.053
141.583
180
179.972
175.064
169.615
51.9094
51.5689
1550117476032
1376.44
134.153
130.245
180
180
175.919
168.12
52.3236
51.9223
1550117476103
1377.59
132.648
131.46
180
180
177.012
169.796
52.4253
51.9724
1550117476174
1379.8
113.769
106.333
180
179.972
168.017
162.178
52.9564
52.5452
1550117476243
1415.03
136.237
107.763
180
180
164.782
160.27
52.8906
51.8197
1550117476308
1399.68
119.284
104.681
180
180
163.6
159.32
53.1413
52.6644
1550117476363
1415.86
121.373
107.811
179.972
179.972
165.713
163.304
53.0164
52.1554
1550117476389
1436.08
130.982
98.8753
180
180
163.745
159.645
53.2783
52.1374
1550117476423
1449.7
145.586
101.804
180
180
160.674
156.41
53.2568
51.935
1550117476454
1425.27
119.392
96.5812
180
180
158.112
145.914
53.4792
52.3383
1550117476488
1420.34
128.959
86.9538
179.972
179.972
156.713
143.952
53.6588
52.5135
1550117476555
1330.07
81.5468
84.4793
179.972
179.972
157.381
139.1
53.3233
53.6339
1550117476589
1388.23
115.872
88.879
179.972
179.972
157.469
142.592
53.6559
52.694
1550117476622
1459.31
120.292
101.152
180
180
162.578
149.409
52.9326
52.1675
1550117476735
1507.68
108.552
89.2733
179.98
179.98
170.123
155.597
52.9834
51.6121
1550117476889
1539.47
106.681
81.0545
179.98
179.98
168.363
154.665
52.6666
51.0219
1550117476936
1553.52
105.267
79.5867
180
180
167.659
154.964
52.3156
51.2154
1550117476975
1559.3
111.444
78.2171
180
180
166.044
156.901
52.5821
50.6926
1550117477013
1528.89
119.082
136.919
179.98
179.98
156.53
149.773
52.6569
52.1244
1550117477096
1468.36
121.803
138.885
180
180
147.706
138.213
53.3575
52.9143
1550117477137
1403.28
120.845
138.473
180
179.972
145.095
135.167
54.0367
53.6321
1550117477182
1368.56
124.295
143.305
179.972
179.972
145.93
137.93
54.6337
54.1335
1550117477220
1346.36
129.039
152.279
179.972
179.972
146.21
139.735
55.1072
54.8745
1550117477260
1311.01
128.616
151.516
180
180
147.428
139.354
56.0755
55.9922
1550117477300
1181.15
139.436
139.32
180
180
157.837
156.325
58.5437
56.7933
1550117477373
1310.16
133.422
113.574
180
180
172.572
172.09
58.1201
55.9278
1550117477410
1513.51
124.926
129.082
180
180
177.091
175.051
54.1611
53.4335
1550117477435
1446.89
148.302
158.467
179.972
180
169.194
170.885
53.1037
53.1167
1550117477465
1462.96
148.534
139.716
180
180
165.924
164.82
52.3772
51.5467
1550117477498
1443.63
77.6801
98.2302
180
180
164.197
162.33
53.6236
53.4388
1550117477531
1253.05
150.823
163.96
179.98
179.98
170.239
174.218
58.1789
57.8661
1550117477639
1121.88
115.55
156.679
179.96
180
156.683
165.687
61.3871
60.5467
1550117477712
1173.48
121.975
147.651
179.966
179.966
154.966
161.691
60.4668
59.6466
1550117477781
1272.39
138.158
160.05
180
180
158.404
166.232
56.4087
56.933
1550117477852
1294.98
143.064
157.877
179.98
180
170.209
174.915
57.187
57.0764
1550117477945
1179.67
118.544
148.047
180
180
158.675
166.61
60.5092
59.5145
1550117478017
1317.61
154.975
162.936
180
180
154.583
155.583
55.9
55.8192
1550117478255
1289.01
139.537
108.578
179.98
179.98
177.865
167.067
56.3537
54.9762
1550117478363
1357.39
116.775
99.5615
179.972
179.972
168.266
164.838
54.6711
53.9509
1550117478419
1288.73
104.977
116.645
180
180
168.535
167.108
54.3439
54.9822
1550117478444
1227.62
115.614
107.666
180
180
167.407
176.233
55.6607
55.3956
1550117478477
1289.22
131.825
107.942
180
180
159.114
159.76
54.3998
53.3917
1550117478505
1322.48
91.3537
86.4013
180
180
155.635
144.819
54.4405
53.9227
1550117478537
1514.41
83.2706
93.7597
180
180
152.18
141.331
51.8864
51.3758
1550117478570
1464.37
84.7711
58.4498
180
180
160.753
148.298
48.6843
49.0448
1550117478619
1442.39
86.8647
92.7203
180
180
162.701
155.666
50.3182
50.6744
1550117478719
1381.1
81.5532
81.1911
180
180
154.535
151.061
50.9524
50.2679
1550117478753
1433.32
154.593
125.361
179.98
180
147.57
146.811
49.7621
48.687
1550117478787
1361.25
121.046
94.7627
180
179.98
141.696
127.479
51.39
50.1427
1550117478820
1374.59
76.3449
98.9839
180
180
152.332
132.804
48.1058
49.1885
1550117479070
1351.13
83.3609
95.1792
180
179.972
144.362
121.216
48.6646
49.4109
1550117479161
1109.53
143.639
129.68
180
180
174.154
173.371
54.724
54.3564
1550117479295
1018.67
146.867
121.475
180
180
162.243
176.227
55.5374
54.7805
1550117479963
1137.82
157.735
176.814
180
180
162.053
164.877
54.9012
55.2898
1550117479991
1116.41
151.997
141.697
180
180
162.071
169.766
55.8638
55.2943
1550117480022
1183.08
166.479
145.192
179.98
179.98
164.252
161.329
54.0249
53.7462
1550117480057
1109.24
138.976
108.532
180
180
161.334
172.195
53.7796
53.6253
1550117480232
1206.46
145.379
167.277
180
179.98
165.543
171.83
54.0313
55.1044
1550117480305
1290.25
129.842
118.439
180
180
173.169
168.493
52.7558
52.2926
1550117480381
1222.77
141.289
127.547
180
180
138.676
158.838
54.4304
53.3363
1550117480733
1103.5
108.787
108.321
179.98
179.98
167.791
155.08
58.2404
58.1214
1550117480817
1119.85
116.741
112.593
179.98
180
170.003
157.931
58.0997
57.854
1550117480861
1172.62
121.791
115.363
180
179.98
160.662
172.609
56.4198
56.1173
1550117480892
1184.65
128.745
120.897
179.98
180
155.151
168.401
56.0678
55.6487
1550117480926
1193.57
130.415
121.389
179.98
179.98
155.355
168.084
55.9574
55.5332
1550117480974
1219.69
126.793
113.434
179.98
179.98
153.879
166.717
55.927
55.3004
1550117481025
1297.85
148.631
149.635
179.972
180
140.719
133.248
53.7961
54.0977
1550117481143
1317.43
124.694
127.824
180
180
153.073
151.26
54.6823
53.9457
1550117481301
1131.67
88.6758
104.234
179.96
180
133.098
130.574
58.3733
57.9562
1550117481507
1279.43
82.2263
104.209
179.98
180
162.613
164.417
59.913
60.6298
1550117482321
1276.51
93.1232
101.248
179.98
179.98
162.666
164.356
59.9242
60.0831
1550117482415
1267.52
100.272
100.802
179.972
179.972
162.531
164.195
60.0356
59.8164
1550117482511
1270.27
89.9633
102.959
180
180
162.206
163.629
59.8941
60.2814
1550117482576
1268.32
87.3397
103.09
180
180
162.175
163.63
59.8617
60.3935
1550117482648
1260.73
85.62
100.027
180
179.96
162.887
165.365
59.5949
60.3957
1550117482823
1246.86
174.528
95.7798
84.4655
179.96
162.631
144.567
59.9567
71.2064
1550117482907
1240.49
173.333
93.6642
85.0401
179.98
162.616
144.297
60.0924
71.248
1550117482943
1242.13
173.932
95.2031
84.581
179.966
162.543
144.626
60.0488
71.2512
1550117482976
1239.5
179.503
97.6304
56.5554
180
162.317
145.339
60.1449
86.4174
1550117483058
1233.04
173.257
95.9898
56.7529
179.966
162.208
145.43
60.3028
87.3074
1550117483090
1228.67
170.463
94.4474
56.7037
180
162.182
145.361
60.4125
87.2244
1550117483124
1228.54
169.515
95.2299
55.7587
179.972
162.203
145.433
60.4206
87.6985
1550117483157
1227.63
168.658
95.508
54.4991
180
162.212
145.475
60.4421
88.2512
1550117483183
1228.44
167.793
95.5558
55.6749
180
162.282
145.488
60.5115
87.8796
1550117483223
1234.09
168.091
96.8933
57.3505
180
162.341
145.798
60.5541
87.273
1550117483257
1244.42
175.358
101.991
58.7699
179.966
162.779
146.529
60.6135
86.3756
1550117483308
1249.99
146.123
112.861
45.1645
179.96
160.613
141.402
60.5262
91.9933
1550117483467
1244.55
164.923
107.613
56.4535
180
164.797
137.818
59.6634
96.6106
1550117483578
1242.48
166.865
103.775
61.9931
179.98
167.575
136.643
59.8279
93.6815
1550117483602
1243.76
173.875
99.8366
63.7471
179.972
175.312
136.633
60.7333
92.3017
1550117483690
1249.42
173.852
101.57
60.8501
179.966
174.73
138.041
60.6349
93.2811
1550117483724
1263.6
173.502
106.057
58.2936
180
174.074
139.333
60.3378
94.2661
1550117483762
1260.11
173.004
100.192
57.6089
179.966
174.037
138.375
60.317
95.1585
1550117483795
1286.16
172.486
114.101
56.4029
180
173.033
140.997
59.6897
95.7543
1550117483830
1276.88
171.519
107.107
56.2433
180
172.172
141.417
59.8589
95.4889
1550117483859
1272.32
168.152
103.081
59.8377
180
171.634
140.351
59.8448
93.0824
1550117483968
1250.76
164.77
93.2491
61.3715
180
172.045
137.081
60.2016
93.5934
1550117484061
1230.7
159.318
83.1334
58.8221
179.966
172.04
134.687
60.5538
93.6602
1550117484090
1202.02
150.639
71.6502
88.3456
179.966
171.499
132.565
61.0136
71.1894
1550117484117
1199.39
148.247
71.8651
88.1211
180
171.432
132.85
61.0251
70.9961
1550117484139
1187.55
154.888
66.861
86.1336
179.98
172.126
131.402
61.2325
70.4569
1550117484190
1200.93
159.558
72.3988
84.6423
180
172.474
132.85
60.8561
70.2285
1550117484223
1202.12
161.328
72.6734
84.2858
179.96
172.453
133.157
60.7837
70.174
1550117484257
1202.52
161.529
72.9013
83.9947
180
172.222
133.29
60.7584
70.2462
1550117484290
1200.43
161.976
73.6766
84.1143
179.98
172.004
134.024
60.8005
70.2713
1550117484324
1197.9
162.193
73.7496
84.1691
179.966
171.763
134.427
60.8465
70.3206
1550117484357
1192.43
161.553
73.5337
84.9253
180
171.154
134.845
60.9656
70.3569
1550117484501
1192.39
162.284
72.9491
85.1791
180
171.331
134.027
60.9282
70.3581
1550117484592
1193.56
163.02
72.3457
85.3573
180
171.284
133.831
60.9014
70.367
1550117484617
1191.74
159.564
71.7895
84.3501
179.966
171.366
133.479
60.9552
70.2645
1550117484642
1189.43
161.565
70.9076
85.2486
180
171.389
133.483
61.0362
70.2587
1550117484670
1190.2
163.698
71.143
86.0355
180
171.27
133.685
60.9901
70.32
1550117484757
1186.55
162.608
71.3797
85.7749
179.966
171.277
133.714
61.0491
70.2941
1550117484824
1185.25
162.796
71.3429
85.5718
179.972
171.28
133.708
61.0923
70.3012
1550117484857
1183.75
161.938
71.4981
85.2629
179.972
171.28
133.958
61.2006
70.2652
1550117484924
1187.79
162.476
74.3455
85.2842
179.96
171.304
135.195
61.386
70.2161
1550117484991
1193.36
163.203
76.6342
85.1985
180
171.454
135.844
61.4526
70.2012
1550117485024
1199.11
164.252
79.4427
85.3085
179.972
171.62
136.631
61.4461
70.1969
1550117485068
1201.6
165.04
80.8768
85.4392
180
171.767
137.087
61.4125
70.1975
1550117485100
1202.58
164.971
82.0837
85.492
180
171.999
137.385
61.2963
70.1727
1550117485201
1199.96
160.22
80.7692
84.5201
180
172.032
137.115
61.3815
70.0247
1550117485271
1203.06
169.011
80.1869
86.0941
180
172.282
137.076
61.3668
70.1988
1550117485338
1215.42
169.856
80.4729
85.1174
180
173.549
135.169
60.9387
70.4513
1550117485469
1216.36
169.361
79.1244
85.0016
179.972
173.455
133.889
60.721
70.6714
1550117485541
1207.38
85.3391
81.0289
179.966
180
170.105
171.265
60.4809
60.6687
1550117485628
1218.99
91.6451
93.5256
180
179.966
168.237
168.348
59.9035
60.8407
1550117485654
1245.03
100.262
120.595
180
179.98
165.57
170.574
59.2043
60.651
1550117485780
1192.83
94.6553
114.051
180
180
151.102
150.626
59.1886
62.1731
1550117485949
1272.65
141.399
117.402
180
179.972
160.278
150.961
60.5682
59.5927
1550117486120
1274.85
132.669
117.253
180
179.966
166.816
160.41
60.7041
60.3996
1550117486208
1271.51
103.144
122.308
179.966
180
167.5
160.69
59.8847
61.6541
1550117486337
1303.89
147.329
136.58
179.98
179.98
168.019
164.177
58.9969
59.1957
1550117486377
1298.98
132.57
145.115
179.98
179.98
168.275
163.201
58.3809
59.5488
1550117486421
1310.55
145.057
158.914
179.972
179.972
169.523
164.883
57.8714
58.5948
1550117486473
1310.04
160.736
137.543
180
180
171.176
171.086
56.895
56.1716
1550117486711
1304.93
157.074
146.476
180
180
171.613
171.123
56.5825
56.1119
1550117486769
1291.02
114.421
151.046
180
180
171.545
170.093
56.2561
56.6511
1550117486827
1241.27
114.082
98.4146
180
180
170.691
166.36
56.9357
55.6915
1550117486914
1220.08
96.7107
86.2726
180
179.98
171.695
165.606
57.3417
55.6957
1550117486976
1258.09
124.159
103.457
180
180
172.193
170.916
55.5936
54.2598
1550117487008
1271.46
129.153
117.044
180
179.98
171.246
172.838
54.209
52.4554
1550117487040
1296.06
150.901
147.543
180
179.98
167.673
169.418
52.0793
51.0236
1550117487068
1248.6
169.874
127.681
180
179.98
156.727
151.71
52.0108
50.3389
1550117487137
1226.02
161.827
113.499
179.98
179.98
155.882
149.704
52.4593
50.6443
1550117487162
1172.43
134.539
105.011
180
180
151.772
148.163
52.5094
50.6756
1550117487272
1148.66
146.584
110.475
179.98
180
150.331
150.145
51.1449
50.4527
1550117487344
1139.03
125.148
129.423
180
180
153.723
155.924
50.3423
50.7698
1550117487411
1147.49
126.125
130.718
180
180
155.178
157.214
50.2631
50.8392
1550117487443
1136.95
113.122
113.454
180
180
157.405
163.46
50.4647
50.0513
1550117487484
1154.54
125.119
129.685
180
180
155.633
160.189
49.9124
49.9227
1550117487520
1155.27
127.241
127.343
180
180
153.776
157.183
49.9154
49.8903
1550117487559
1169.82
141.825
122.058
180
180
153.276
151.665
50.6446
50.0996
1550117487600
1155.99
131.852
124.043
179.98
180
154.071
156.771
50.2913
49.6279
1550117487661
1164.46
136.58
138.848
180
180
154.762
153.411
50.2639
50.5397
1550117487693
1121.47
111.211
105.208
179.98
180
156.11
161.982
50.9669
49.8015
1550117487726
1158.47
147.599
117.634
180
180
157.536
160.124
50.9973
50.1612
1550117487759
1160.5
137.733
107.128
180
180
158.332
154.177
52.1375
51.1729
1550117487793
1113.59
99.44
85.1451
180
179.98
158.458
162.795
51.89
50.6224
1550117487825
1093.61
84.2338
73.7091
180
180
158.941
164.534
52.0368
50.8181
1550117487859
1139.69
136.417
116.684
179.98
179.98
158.85
162.319
51.2533
50.3786
1550117487925
1120.15
117.849
125.16
179.98
180
157.884
158.108
51.4381
51.4278
1550117487960
1100.01
112.963
123.231
180
179.98
157.369
156.954
51.9007
51.6939
1550117487994
1062.29
79.8318
79.2708
180
179.98
154.704
154.414
52.1888
50.8279
1550117488058
1202.93
157.94
133.412
179.98
180
149.805
142.111
50.8019
49.864
1550117488159
1175.34
142.531
133.529
180
180
159.456
153.104
51.0928
50.8659
1550117488312
1192.04
162.871
121.221
180
180
157.306
153.893
50.9532
49.2909
1550117488401
1187.76
150.644
117.786
179.98
180
148.499
138.99
51.6968
50.7994
1550117488448
1198.52
161.87
129.521
180
179.98
146.269
138.501
51.2546
50.1495
1550117488498
1171.75
141.36
119.584
179.98
179.98
150.549
142.267
51.4631
50.128
1550117488567
1179.75
144.646
98.3912
180
180
155.407
144.895
52.5604
51.4002
1550117488622
1174.67
147.077
94.0067
180
180
153.6
142.775
52.7116
51.2509
1550117488692
1150.65
139.251
103.181
180
180
145.33
133.645
52.6051
51.0417
1550117488722
1142.65
134.816
110.702
180
180
144.159
133.551
52.1749
50.7569
1550117488746
1154.88
140.09
106.278
179.98
180
146.524
137.649
52.0247
50.2404
1550117488773
1172.51
159.41
109.786
180
179.98
155.537
149.506
51.566
50.2531
1550117488826
1177.16
165.819
102.478
180
180
156.394
150.148
51.9146
50.1835
1550117488860
1172.56
145.971
108.931
180
180
158.99
155.002
51.3565
49.9125
1550117488894
1155.79
123.254
110.106
180
180
159.62
156.366
51.0793
49.9253
1550117489004
1160.64
130.749
101.148
179.98
180
163.957
162.139
51.6876
50.2438
1550117489071
1159.61
130.624
96.854
179.98
180
163.36
162.428
51.9075
50.3245
1550117489119
1182.59
162.336
101.572
180
180
155.966
148.249
51.9297
50.4604
1550117489193
1150.13
127.871
109.98
180
180
152.756
146.018
51.151
49.829
1550117489268
1159.79
135.647
122.857
179.98
180
152.967
146.395
51.122
49.7884
1550117489364
1188.38
170.18
126.472
179.98
179.98
155.77
150.565
51.399
49.89
1550117489409
1169.37
141.581
111.565
180
180
159.166
150.588
52.1033
51.272
1550117489536
1172.29
145.966
112.752
180
180
156.812
148.225
52.1891
51.0999
1550117489697
1180.26
154.815
127.258
180
180
157.339
150.567
51.3615
50.7603
1550117489729
1187.08
179.155
137.915
180
180
158.368
155.837
50.4788
49.9639
1550117489762
1183.61
157.91
162.569
180
180
157.803
154.944
50.2528
50.4858
1550117489795
1183.98
160.637
126.836
180
180
157.37
151.366
51.3777
50.325
1550117489831
1182.19
155.829
131.83
180
180
157.422
151.558
51.0253
50.476
1550117489867
1181.99
169.038
124.172
180
179.98
157.394
154.121
51.1238
49.6387
1550117489901
1181.53
168.986
124.122
180
180
157.118
153.783
51.1116
49.6358
1550117489935
